1383784000.0
1383876272.0
1383882943.0
1383883157.0
1383883916.0
1383893980.0
1383894077.0
1383894117.0
1383894172.0
1383894196.0
1383894219.0
1383894260.0
1383894395.0
1383913508.0
1383914972.0
1383921438.0
1383921608.0
1383922524.0
1383923341.0
1383923691.0
1383924151.0
1383924828.0
1383925702.0
1383927851.0
1383979157.0
1383985632.0
1383987668.0
1383988624.0
1383992970.0
1383993079.0
1383996757.0
1383997063.0
1384014696.0
1384015741.0
1384044615.0
1384046395.0
1384046410.0
1384046417.0
1384053604.0
1384053646.0
1384055424.0
1384055730.0
1384056000.0
1384056807.0
1384057139.0
1384057764.0
1384089103.0
1384117334.0
1384164247.0
1384169647.0
1384169916.0
1384172026.0
1384175897.0
1384178247.0
1384183291.0
1384223370.0
1384234250.0
1384234974.0
1384235773.0
1384235785.0
1384236566.0
1384238375.0
1384239649.0
1384241694.0
1384242018.0
1384310458.0
1384312204.0
1384327551.0
1384338606.0
1384366460.0
1384366809.0
1384402941.0
1384466513.0
1384495388.0
1384500759.0
1384526904.0
1384529732.0
1384578644.0
1384579361.0
1384580184.0
1384622846.0
1384640761.0
1384641530.0
1384663182.0
1384825852.0
1384852351.0
1384852939.0
1384853805.0
1384854100.0
1384859355.0
1384900575.0
1384905396.0
1384906106.0
1384907512.0
1384940666.0
1384941122.0
1384949585.0
1384952763.0
1384966915.0
1385007066.0
1385007754.0
1385030409.0
1385055362.0
1385055394.0
1385056213.0
1385056882.0
1385057304.0
1385057572.0
1385057908.0
1385058394.0
1385058836.0
1385065037.0
1385067222.0
1385098409.0
1385099458.0
1385100705.0
1385110913.0
1385111966.0
1385128533.0
1385129038.0
1385168604.0
1385168991.0
1385169330.0
1385172060.0
1385175562.0
1385176549.0
1385184382.0
1385184936.0
1385186353.0
1385196691.0
1385197129.0
1385197596.0
1385213999.0
1385214778.0
1385285188.0
1385286506.0
1385297664.0
1385315905.0
1385327207.0
1385327673.0
1385328967.0
1385330547.0
1385330683.0
1385334888.0
1385336909.0
1385349280.0
1385410785.0
1385448790.0
1385450997.0
1385456031.0
1385464228.0
1385464565.0
1385465976.0
1385474146.0
1385475323.0
1385494848.0
1385498371.0
1385498409.0
1385499302.0
1385535235.0
1385535357.0
1385604141.0
1385607483.0
1385616171.0
1385617081.0
1385618324.0
1385618518.0
1385618614.0
1385619983.0
1385621774.0
1385623809.0
1385651007.0
1385658658.0
1385665102.0
1385670739.0
1385671073.0
1385706962.0
1385726301.0
1385742607.0
1385748654.0
1385749310.0
1385749755.0
1385749964.0
1385750440.0
1385837179.0
1385860446.0
1385864163.0
1385875293.0
1385904315.0
1385920452.0
1385922446.0
1385929164.0
1385936684.0
1385975346.0
1385982978.0
1385985659.0
1385988010.0
1385988136.0
1386010883.0
1386076004.0
1386093877.0
1386097827.0
1386103649.0
1386116486.0
1386118504.0
1386137605.0
1386138204.0
1386166811.0
1386167512.0
1386171430.0
1386185819.0
1386191479.0
1386192641.0
1386193630.0
1386194890.0
1386195947.0
1386209117.0
1386210228.0
1386251073.0
1386263578.0
1386264712.0
1386265745.0
1386266102.0
1386266902.0
1386267948.0
1386268452.0
1386269040.0
1386269254.0
1386269728.0
1386270291.0
1386271083.0
1386272442.0
1386276509.0
1386282804.0
1386283866.0
1386290797.0
1386294260.0
1386295302.0
1386338207.0
1386338622.0
1386342744.0
1386342892.0
1386344789.0
1386349390.0
1386358409.0
1386358481.0
1386361242.0
1386362658.0
1386362977.0
1386363203.0
1386363671.0
1386363859.0
1386364084.0
1386364816.0
1386366038.0
1386368879.0
1386374315.0
1386378178.0
1386379349.0
1386379953.0
1386380363.0
1386437231.0
1386453084.0
1386453324.0
1386453600.0
1386453856.0
1386454296.0
1386454441.0
1386454555.0
1386456026.0
1386457017.0
1386457156.0
1386457218.0
1386457702.0
1386457946.0
1386458210.0
1386458261.0
1386459084.0
1386460315.0
1386460607.0
1386467874.0
1386471325.0
1386475081.0
1386475290.0
1386475344.0
1386534879.0
1386549905.0
1386562982.0
1386563101.0
1386563794.0
1386564174.0
1386565526.0
1386619414.0
1386631241.0
1386643985.0
1386644356.0
1386644408.0
1386645565.0
1386677830.0
1386681996.0
1386682049.0
1386688061.0
1386692315.0
1386692598.0
1386692858.0
1386694736.0
1386698421.0
1386722269.0
1386815674.0
1386839491.0
1386841128.0
1386869614.0
1386869757.0
1386870271.0
1386870707.0
1386871194.0
1386871391.0
1386872187.0
1386872547.0
1386872946.0
1386873042.0
1386873511.0
1386873569.0
1386874285.0
1386875153.0
1386875691.0
1386877273.0
1386882350.0
1386882629.0
1386882640.0
1386888036.0
1386888631.0
1386893347.0
1386896784.0
1386903388.0
1386916163.0
1386959490.0
1386966751.0
1386970087.0
1386972110.0
1386973972.0
1386974594.0
1386974724.0
1386975195.0
1386975232.0
1386975307.0
1386976667.0
1386979206.0
1386979398.0
1386980621.0
1386981961.0
1386982868.0
1386985108.0
1386992914.0
1386995445.0
1386997421.0
1387001939.0
1387002102.0
1387002421.0
1387002769.0
1387003240.0
1387003490.0
1387004000.0
1387046017.0
1387047648.0
1387054140.0
1387056944.0
1387062515.0
1387070289.0
1387070960.0
1387072501.0
1387073327.0
1387074070.0
1387075037.0
1387095152.0
1387140188.0
1387140568.0
1387140880.0
1387141080.0
1387148105.0
1387153005.0
1387153284.0
1387155899.0
1387156482.0
1387156916.0
1387157138.0
1387157315.0
1387157472.0
1387158842.0
1387159680.0
1387159950.0
1387162962.0
1387166631.0
1387169679.0
1387171519.0
1387214515.0
1387484152.0
1387497421.0
1387553463.0
1387554154.0
1387554552.0
1387555054.0
1387555480.0
1387555509.0
1387556134.0
1387556311.0
1387566013.0
1387566888.0
1387569371.0
1387572321.0
1387598511.0
1387599505.0
1387599553.0
1387661219.0
1387661604.0
1387664409.0
1387664748.0
1387664837.0
1387665400.0
1387675177.0
1387710474.0
1387744104.0
1387745204.0
1387756041.0
1387757141.0
1387761684.0
1387763866.0
1387767855.0
1387784765.0
1387818701.0
1387818938.0
1387819199.0
1387819327.0
1387819878.0
1387820836.0
1387820943.0
1387876689.0
1387906798.0
1387913356.0
1387924672.0
1387989202.0
1387993266.0
1387996479.0
1387998134.0
1387998288.0
1387998404.0
1387998599.0
1387999980.0
1388023420.0
1388103309.0
1388104692.0
1388130544.0
1388287141.0
1388289437.0
1388307076.0
1388325453.0
1388339446.0
1388347308.0
1388353410.0
1388375252.0
1388458327.0
1388458682.0
1388549276.0
1388550250.0
1388551123.0
1388551737.0
1388551903.0
1388552135.0
1388552240.0
1388552694.0
1388552881.0
1388666832.0
1388691611.0
1388820013.0
1388824353.0
1388824880.0
1388825125.0
1388853271.0
1388854155.0
1388855738.0
1388856265.0
1388970082.0
1388970162.0
1388971700.0
1388972028.0
1388972468.0
1389041842.0
1389055830.0
1389056616.0
1389058780.0
1389066797.0
1389067688.0
1389069756.0
1389074836.0
1389091399.0
1389138239.0
1389138352.0
1389138765.0
1389138903.0
1389139243.0
1389139685.0
1389139991.0
1389141027.0
1389141586.0
1389143193.0
1389158351.0
1389159017.0
1389160311.0
1389163295.0
1389164023.0
1389165208.0
1389166799.0
1389169009.0
1389196764.0
1389217135.0
1389217484.0
1389217874.0
1389218097.0
1389218307.0
1389218577.0
1389219392.0
1389219582.0
1389222542.0
1389249046.0
1389263936.0
1389308290.0
1389309115.0
1389314174.0
1389314331.0
1389331833.0
1389360469.0
1389418126.0
1389427372.0
1389433744.0
1389494183.0
1389559020.0
1389559313.0
1389559542.0
1389561728.0
1389562283.0
1389562772.0
1389563187.0
1389574515.0
1389574849.0
1389584697.0
1389585350.0
1389585424.0
1389585474.0
1389585603.0
1389586046.0
1389586454.0
1389587133.0
1389587315.0
1389587715.0
1389587991.0
1389588328.0
1389588991.0
1389589567.0
1389591213.0
1389602180.0
1389602267.0
1389602436.0
1389603012.0
1389660068.0
1389660279.0
1389662739.0
1389690633.0
1389742233.0
1389742558.0
1389745619.0
1389769127.0
1389820271.0
1389821693.0
1389822086.0
1389877294.0
1389895959.0
1389898745.0
1389899823.0
1389899983.0
1389900041.0
1389901009.0
1389901462.0
1389903954.0
1389909304.0
1389911711.0
1389912229.0
1389950438.0
1389971832.0
1389973134.0
1389998267.0
1389999137.0
1389999306.0
1390012204.0
1390053468.0
1390091281.0
1390093402.0
1390094340.0
1390122922.0
1390125761.0
1390176786.0
1390179285.0
1390202745.0
1390253242.0
1390255059.0
1390258703.0
1390274751.0
1390276818.0
1390280522.0
1390284240.0
1390294832.0
1390295029.0
1390317281.0
1390364568.0
1390408665.0
1390435083.0
1390450642.0
1390453647.0
1390453995.0
1390454346.0
1390455146.0
1390456862.0
1390459467.0
1390460002.0
1390513066.0
1390515270.0
1390519120.0
1390519915.0
1390547816.0
1390692753.0
1390693623.0
1390701563.0
1390702898.0
1390702952.0
1390704366.0
1390705075.0
1390711936.0
1390740121.0
1390820857.0
1390827381.0
1390851750.0
1390856867.0
1390857780.0
1390860621.0
1390861571.0
1390899899.0
1390902384.0
1390903032.0
1390903568.0
1390905550.0
1390921067.0
1390921433.0
1390924651.0
1390928957.0
1390955188.0
1390966174.0
1390968492.0
1390969221.0
1390970345.0
1391030344.0
1391032340.0
1391034764.0
1391054194.0
1391068714.0
1391070743.0
1391075500.0
1391091461.0
1391092063.0
1391092565.0
1391098063.0
1391134296.0
1391134433.0
1391164129.0
1391221560.0
1391223783.0
1391224051.0
1391224272.0
1391225389.0
1391226786.0
1391264679.0
1391269760.0
1391273692.0
1391278734.0
1391279055.0
1391279922.0
1391356917.0
1391368966.0
1391390023.0
1391390062.0
1391390416.0
1391390676.0
1391391456.0
1391393258.0
1391394410.0
1391406328.0
1391410150.0
1391574825.0
1391584055.0
1391584466.0
1391585783.0
1391589510.0
1391591222.0
1391599873.0
1391686501.0
1391716031.0
1391736284.0
1391737177.0
1391737950.0
1391743412.0
1391799863.0
1391800428.0
1391802042.0
1391929597.0
1391929955.0
1391934145.0
1392222531.0
1392287295.0
1392289779.0
1392290334.0
1392291255.0
1392294418.0
1392310023.0
1392310394.0
1392311044.0
1392325685.0
1392378142.0
1392451680.0
1392455602.0
1392456510.0
1392474808.0
1392475021.0
1392515149.0
1392745316.0
1392745709.0
1392834190.0
1392839522.0
1392839672.0
1392846889.0
1392846969.0
1392847626.0
1392848078.0
1392876651.0
1392877770.0
1393003741.0
1393003889.0
1393007059.0
1393008285.0
1393009289.0
1393009954.0
1393013091.0
1393013746.0
1393025061.0
1393030594.0
1393032889.0
1393280103.0
1393297020.0
1393307938.0
1393375530.0
1393988143.0
1394014844.0
1394092012.0
1394092588.0
1394153623.0
1394156552.0
1394158371.0
1394243033.0
1394284219.0
1394285675.0
1394354640.0
1394494642.0
1394494810.0
1394497183.0
1394497698.0
1394678991.0
1394771236.0
1394807761.0
1394837642.0
1394869998.0
1394980136.0
1394996655.0
1394997423.0
1395108242.0
1395108507.0
1395109031.0
1395119421.0
1395120203.0
1395268011.0
1395278296.0
1395284959.0
1395368888.0
1395370019.0
1395373134.0
1395685090.0
1395836882.0
1395839187.0
1395840067.0
1395947317.0
1396001770.0
1396340038.0
1396509538.0
1396509984.0
1396510304.0
1396529514.0
1396545585.0
1396721187.0
1396741756.0
1396982147.0
1397008624.0
1397073591.0
1397142133.0
1397172388.0
1397229275.0
1397264551.0
1397264606.0
1397275491.0
1397300885.0
1397405593.0
1397405865.0
1397416707.0
1397467140.0
1397692353.0
1397693597.0
1397714031.0
1397714310.0
1397714872.0
1397754609.0
1397754816.0
1397757933.0
1397779303.0
1397779405.0
1397782346.0
1397782385.0
1397784520.0
1397786242.0
1397787642.0
1397793056.0
1397838879.0
1397839724.0
1397844246.0
1397845626.0
1397845996.0
1397849143.0
1397850247.0
1397850583.0
1397851369.0
1397853664.0
1397854616.0
1397855834.0
1397934099.0
1397938025.0
1397959051.0
1398100842.0
1398101059.0
1398101314.0
1398101720.0
1398101779.0
1398101864.0
1398102065.0
1398102840.0
1398102928.0
1398103362.0
1398103613.0
1398104347.0
1398111434.0
1398111476.0
1398111553.0
1398114804.0
1398116932.0
1398142502.0
1398147906.0
1398148933.0
1398159356.0
1398160555.0
1398194436.0
1398622754.0
1398623797.0
1398636455.0
1398653417.0
1398806610.0
1398863471.0
1399210183.0
1399259150.0
1399596761.0
1399622323.0
1399817606.0
1400169511.0
1400170021.0
1400179819.0
1400371576.0
1400688810.0
1400699993.0
1400702681.0
1400705246.0
1400706179.0
1400731912.0
1401015926.0
1401050870.0
1401105501.0
1401296772.0
1401304130.0
1401324683.0
1401366362.0
1401432378.0
1401434588.0
1401455025.0
1401455273.0
1401459075.0
1401482001.0
1401634759.0
1401689239.0
1401719222.0
1401734134.0
1401927255.0
1401980827.0
1401983716.0
1401984852.0
1401985590.0
1401985894.0
1401986679.0
1401990559.0
1402200559.0
1402540585.0
1402543182.0
1402607713.0
1402925141.0
1403279787.0
1403283089.0
1403302776.0
1403303419.0
1403303553.0
1403304061.0
1403304380.0
1403304493.0
1403304754.0
1403345959.0
1403371978.0
1403745476.0
1403930535.0
1404101516.0
1404111165.0
1404128168.0
1404128771.0
1404130238.0
1404218801.0
1404317523.0
1404330174.0
1404339741.0
1404345159.0
1404345451.0
1404411125.0
1404411917.0
1404734319.0
1405042617.0
1405052998.0
1405107631.0
1405124909.0
1405334519.0
1405334572.0
1405353199.0
1405354534.0
1405366217.0
1405368092.0
1405411376.0
1405414361.0
1405416189.0
1405416317.0
1405417264.0
1405417741.0
1405423613.0
1405432744.0
1405513550.0
1405516769.0
1405526158.0
1405534223.0
1405535517.0
1405602931.0
1405603041.0
1405669919.0
1405698115.0
1405726588.0
1405894288.0
1405903344.0
1405943322.0
1405962195.0
1405971375.0
1406034761.0
1406049793.0
1406144917.0
1406197392.0
1406210308.0
1406331167.0
1406437092.0
1406527668.0
1406530855.0
1406531829.0
1406532713.0
1406533536.0
1406774466.0
1406774855.0
1406776774.0
1406777393.0
