1375992343.0
1376505022.0
1381730413.0
1382228897.0
1386559243.0
1387860125.0
1388291215.0
1391234953.0
1391394702.0
1391586486.0
1391743173.0
1394055362.0
1394680444.0
1396565738.0
1397287807.0
1397886235.0
1397964687.0
1397981435.0
1398491036.0
1398734399.0
1398835556.0
1398900349.0
1399139795.0
1399186601.0
1399190984.0
1399767709.0
1399773647.0
1399773666.0
1399775258.0
1399777497.0
1399779198.0
1399779877.0
1399782513.0
1399835342.0
1399876616.0
1399941263.0
1399941474.0
1399941589.0
1399942013.0
1399945343.0
1399958314.0
1399959779.0
1400025979.0
1400027964.0
1400028328.0
1400040753.0
1400044365.0
1400112458.0
1400116678.0
1400128722.0
1400188795.0
1400189001.0
1400189091.0
1400277473.0
1400288370.0
1400288417.0
1400288730.0
1400290148.0
1400295536.0
1400295563.0
1400309757.0
1400311176.0
1400318505.0
1400356180.0
1400356240.0
1400379486.0
1400379864.0
1400380472.0
1400383739.0
1400387056.0
1400387255.0
1400390810.0
1400393936.0
1400395085.0
1400396309.0
1400397540.0
1400536878.0
1400540609.0
1400552038.0
1400613614.0
1400620508.0
1400622330.0
1400623142.0
1400624415.0
1400624674.0
1400625082.0
1400626319.0
1400626869.0
1400629341.0
1400631135.0
1400638699.0
1400639214.0
1400639804.0
1400639968.0
1400640082.0
1400640473.0
1400640987.0
1400641462.0
1400642002.0
1400644039.0
1400644675.0
1400644793.0
1400646445.0
1400646761.0
1400646846.0
1400646949.0
1400647542.0
1400648004.0
1400648538.0
1400648767.0
1400650281.0
1400650522.0
1400651451.0
1400703925.0
1400704168.0
1400705487.0
1400801873.0
1400803294.0
1400873354.0
1400886959.0
1400894180.0
1400894835.0
1400901179.0
1400903513.0
1400908108.0
1400949923.0
1400950563.0
1400951053.0
1400952540.0
1400954106.0
1400955286.0
1400998061.0
1401000232.0
1401039090.0
1401043191.0
1401043205.0
1401043214.0
1401047543.0
1401048694.0
1401049064.0
1401049667.0
1401049693.0
1401049757.0
1401049790.0
1401049802.0
1401050124.0
1401051740.0
1401052498.0
1401052543.0
1401052556.0
1401052558.0
1401052625.0
1401052643.0
1401052665.0
1401052832.0
1401052853.0
1401053709.0
1401054307.0
1401054810.0
1401054832.0
1401054838.0
1401054887.0
1401054929.0
1401054983.0
1401055004.0
1401055038.0
1401055119.0
1401055149.0
1401055156.0
1401055166.0
1401055167.0
1401055179.0
1401055192.0
1401055194.0
1401055216.0
1401056288.0
1401056310.0
1401056339.0
1401056417.0
1401059505.0
1401062221.0
1401162026.0
1401233290.0
1401233606.0
1401234702.0
1401234712.0
1401246751.0
1401250795.0
1401251423.0
1401301936.0
1401312468.0
1401313578.0
1401317687.0
1401328104.0
1401329236.0
1401330423.0
1401334628.0
1401335922.0
1401338767.0
1401338781.0
1401339825.0
1401340531.0
1401341455.0
1401345156.0
1401345349.0
1401346695.0
1401380761.0
1401381476.0
1401389422.0
1401390621.0
1401397353.0
1401398781.0
1401404473.0
1401420625.0
1401423771.0
1401424024.0
1401424662.0
1401424681.0
1401424913.0
1401425493.0
1401426090.0
1401426106.0
1401427142.0
1401475220.0
1401476899.0
1401476910.0
1401480650.0
1401480920.0
1401481676.0
1401481704.0
1401482431.0
1401482450.0
1401483577.0
1401485759.0
1401486262.0
1401506463.0
1401506869.0
1401507238.0
1401508117.0
1401508439.0
1401508554.0
1401508760.0
1401515192.0
1401516205.0
1401530398.0
1401558093.0
1401558409.0
1401559199.0
1401567401.0
1401567445.0
1401570453.0
1401588719.0
1401589492.0
1401589606.0
1401589632.0
1401589687.0
1401590529.0
1401590588.0
1401600503.0
1401603771.0
1401604124.0
1401604882.0
1401606455.0
1401607229.0
1401612475.0
1401638620.0
1401653643.0
1401655193.0
1401656819.0
1401662012.0
1401664913.0
1401666060.0
1401667526.0
1401668371.0
1401669108.0
1401669961.0
1401672687.0
1401673481.0
1401674124.0
1401687905.0
1401689773.0
1401740334.0
1401740526.0
1401740852.0
1401741281.0
1401745405.0
1401749593.0
1401762170.0
1401764608.0
1401766919.0
1401767770.0
1401768416.0
1401773667.0
1401810340.0
1401811176.0
1401814215.0
1401814927.0
1401822076.0
1401822109.0
1401856353.0
1401856386.0
1401857970.0
1401857990.0
1401857995.0
1401858361.0
1401858387.0
1401858401.0
1401858701.0
1401861404.0
1401909912.0
1401914426.0
1401916304.0
1401917056.0
1401917357.0
1401918343.0
1401922655.0
1401922974.0
1401923279.0
1401926049.0
1401929775.0
1401930706.0
1401930769.0
1401931763.0
1401931809.0
1401933805.0
1401933963.0
1401935534.0
1401937514.0
1401940372.0
1401940415.0
1401940626.0
1401943289.0
1401982752.0
1401983813.0
1401984081.0
1401985432.0
1401985750.0
1401985909.0
1401986018.0
1401987290.0
1401988709.0
1401989577.0
1401989719.0
1401991176.0
1401996895.0
1401997016.0
1401998189.0
1401999002.0
1401999427.0
1401999608.0
1401999733.0
1402000158.0
1402000745.0
1402000863.0
1402000925.0
1402001366.0
1402005157.0
1402006177.0
1402008991.0
1402009140.0
1402009794.0
1402010066.0
1402010872.0
1402010899.0
1402012116.0
1402012699.0
1402012948.0
1402013070.0
1402014702.0
1402015524.0
1402015611.0
1402017766.0
1402019095.0
1402020282.0
1402024215.0
1402024438.0
1402028482.0
1402029508.0
1402036554.0
1402078091.0
1402091065.0
1402096550.0
1402096952.0
1402126677.0
1402126814.0
1402126910.0
1402174149.0
1402174295.0
1402174748.0
1402255521.0
1402256103.0
1402256111.0
1402256881.0
1402256889.0
1402257080.0
1402257088.0
1402291640.0
1402340910.0
1402344104.0
1402344112.0
1402348828.0
1402353740.0
1402358415.0
1402358423.0
1402364330.0
1402368363.0
1402369169.0
1402371414.0
1402371486.0
1402373436.0
1402374287.0
1402375048.0
1402376908.0
1402377847.0
1402379288.0
1402382624.0
1402382646.0
1402384412.0
1402384440.0
1402385775.0
1402386735.0
1402389416.0
1402390339.0
1402390472.0
1402408494.0
1402409165.0
1402413196.0
1402420374.0
1402421225.0
1402421235.0
1402422027.0
1402432797.0
1402432974.0
1402434165.0
1402434290.0
1402435007.0
1402435789.0
1402436315.0
1402442103.0
1402445398.0
1402453397.0
1402455296.0
1402455612.0
1402457429.0
1402457703.0
1402457970.0
1402458729.0
1402459573.0
1402459682.0
1402460706.0
1402463076.0
1402463301.0
1402463381.0
1402463405.0
1402463435.0
1402463450.0
1402463474.0
1402463494.0
1402463785.0
1402464187.0
1402464266.0
1402465997.0
1402467003.0
1402496971.0
1402500411.0
1402522799.0
1402523372.0
1402529797.0
1402529952.0
1402537494.0
1402549909.0
1402553310.0
1402557697.0
1402561186.0
1402567341.0
1402567886.0
1402567963.0
1402592236.0
1402594066.0
1402599311.0
1402604007.0
1402610604.0
1402610639.0
1402611112.0
1402611143.0
1402612851.0
1402613978.0
1402616112.0
1402617662.0
1402618191.0
1402620812.0
1402621394.0
1402621479.0
1402621849.0
1402623364.0
1402639626.0
1402643332.0
1402643445.0
1402679500.0
1402679937.0
1402680592.0
1402683506.0
1402683533.0
1402684286.0
1402728210.0
1402728247.0
1402728456.0
1402729404.0
1402730388.0
1402730521.0
1402732470.0
1402733149.0
1402780728.0
1402781981.0
1402783157.0
1402792386.0
1402793228.0
1402853704.0
1402854123.0
1402854494.0
1402855951.0
1402856241.0
1402856498.0
1402861359.0
1402863094.0
1402864884.0
1402867646.0
1402869415.0
1402870864.0
1402892559.0
1402894457.0
1402894689.0
1402899683.0
1402899716.0
1402902261.0
1402903408.0
1402942573.0
1402947279.0
1402951239.0
1402952716.0
1402961416.0
1402962056.0
1402962380.0
1402964196.0
1402965470.0
1402965745.0
1402967071.0
1402977322.0
1402977526.0
1402977655.0
1402978247.0
1402980010.0
1402982002.0
1402986745.0
1402987069.0
1402992261.0
1403022888.0
1403061464.0
1403061487.0
1403078344.0
1403078406.0
1403078756.0
1403078992.0
1403080132.0
1403082094.0
1403082197.0
1403083181.0
1403126955.0
1403132109.0
1403132706.0
1403133235.0
1403216214.0
1403228770.0
1403235972.0
1403243977.0
1403291118.0
1403293786.0
1403295348.0
1403299769.0
1403301244.0
1403305383.0
1403307947.0
1403326958.0
1403335040.0
1403335133.0
1403335613.0
1403336028.0
1403340948.0
1403343252.0
1403373842.0
1403379029.0
1403381097.0
1403381337.0
1403381716.0
1403382717.0
1403382843.0
1403393493.0
1403397650.0
1403397792.0
1403400241.0
1403400920.0
1403402145.0
1403402530.0
1403417591.0
1403422590.0
1403422740.0
1403426713.0
1403426843.0
1403429656.0
1403430729.0
1403431275.0
1403431511.0
1403467705.0
1403472738.0
1403484273.0
1403484305.0
1403488993.0
1403491543.0
1403491777.0
1403495069.0
1403495102.0
1403495595.0
1403499518.0
1403500453.0
1403505495.0
1403545836.0
1403547645.0
1403548419.0
1403551356.0
1403552427.0
1403552582.0
1403552651.0
1403552846.0
1403566306.0
1403566779.0
1403570202.0
1403570642.0
1403572146.0
1403572150.0
1403572186.0
1403572220.0
1403572283.0
1403572293.0
1403572868.0
1403579214.0
1403584896.0
1403591661.0
1403591863.0
1403592180.0
1403592318.0
1403637883.0
1403640930.0
1403645864.0
1403649513.0
1403650203.0
1403650364.0
1403650401.0
1403650552.0
1403652746.0
1403660692.0
1403661028.0
1403661723.0
1403663724.0
1403664854.0
1403665793.0
1403677096.0
1403680962.0
1403720004.0
1403723331.0
1403724753.0
1403725422.0
1403726209.0
1403726710.0
1403727024.0
1403727798.0
1403727985.0
1403728665.0
1403730771.0
1403741396.0
1403746513.0
1403746797.0
1403747001.0
1403747211.0
1403747391.0
1403747635.0
1403747939.0
1403748034.0
1403748188.0
1403748464.0
1403748571.0
1403748691.0
1403748890.0
1403749099.0
1403749401.0
1403749522.0
1403749929.0
1403750369.0
1403751253.0
1403751512.0
1403752878.0
1403753093.0
1403753326.0
1403753676.0
1403753826.0
1403754172.0
1403754538.0
1403754732.0
1403755117.0
1403755520.0
1403755749.0
1403755817.0
1403756007.0
1403756625.0
1403756783.0
1403757458.0
1403757809.0
1403758523.0
1403759002.0
1403759286.0
1403759428.0
1403761235.0
1403762923.0
1403763857.0
1403765997.0
1403766290.0
1403766696.0
1403767342.0
1403767348.0
1403767570.0
1403767759.0
1403768097.0
1403768100.0
1403768126.0
1403768132.0
1403768137.0
1403768141.0
1403768170.0
1403768200.0
1403768457.0
1403769298.0
1403769306.0
1403769605.0
1403770056.0
1403770197.0
1403770614.0
1403770930.0
1403771544.0
1403772284.0
1403773113.0
1403805991.0
1403806289.0
1403807114.0
1403808111.0
1403808119.0
1403808684.0
1403809059.0
1403809223.0
1403809390.0
1403809986.0
1403810120.0
1403810381.0
1403810917.0
1403811282.0
1403811585.0
1403812184.0
1403812523.0
1403813312.0
1403813782.0
1403814235.0
1403814400.0
1403814774.0
1403820330.0
1403822125.0
1403828085.0
1403828997.0
1403830893.0
1403842172.0
1403842308.0
1403842379.0
1403842502.0
1403847396.0
1403850317.0
1403851389.0
1403852286.0
1403852704.0
1403854120.0
1403854201.0
1403891773.0
1403892899.0
1403893341.0
1403893612.0
1403898288.0
1403900438.0
1403903043.0
1403904011.0
1403913164.0
1403916045.0
1403916127.0
1403919538.0
1403919940.0
1403923283.0
1403930386.0
1403934502.0
1403986410.0
1403988426.0
1404001424.0
1404002631.0
1404049470.0
1404054068.0
1404054396.0
1404062413.0
1404064143.0
1404072474.0
1404073286.0
1404073355.0
1404074230.0
1404075569.0
1404076340.0
1404077674.0
1404078803.0
1404093817.0
1404102327.0
1404110711.0
1404113903.0
1404115980.0
1404117702.0
1404187061.0
1404203845.0
1404245124.0
1404252965.0
1404258028.0
1404260110.0
1404261193.0
1404264452.0
1404278847.0
1404284742.0
1404287749.0
1404350490.0
1404374329.0
1404417069.0
1404443484.0
1404462531.0
1404463059.0
1404463570.0
1404468452.0
1404468593.0
1404508399.0
1404510005.0
1404584677.0
1404585400.0
1404586025.0
1404587389.0
1404619022.0
1404623284.0
1404631798.0
1404636035.0
1404664909.0
1404712821.0
1404716058.0
1404719917.0
1404726044.0
1404726140.0
1404726264.0
1404768931.0
1404771940.0
1404789742.0
1404796800.0
1404804692.0
1404807077.0
1404813939.0
1404813946.0
1404814488.0
1404851533.0
1404852402.0
1404857412.0
1404859621.0
1404862713.0
1404868060.0
1404872137.0
1404873429.0
1404930832.0
1404943278.0
1404943485.0
1404944447.0
1404945633.0
1404946147.0
1404946533.0
1404947483.0
1404948635.0
1404948761.0
1404950899.0
1404952372.0
1404954401.0
1404958091.0
1404960387.0
1404961207.0
1404971660.0
1404972336.0
1404972755.0
1404973158.0
1404973443.0
1404975023.0
1404975192.0
1404976547.0
1404977011.0
1404978937.0
1405028450.0
1405029200.0
1405042415.0
1405066202.0
1405066443.0
1405087001.0
1405097716.0
1405132990.0
1405133092.0
1405133119.0
1405133264.0
1405133345.0
1405133599.0
1405133722.0
1405134883.0
1405135077.0
1405135352.0
1405138466.0
1405138619.0
1405138876.0
1405139339.0
1405140717.0
1405142431.0
1405143074.0
1405144342.0
1405146045.0
1405146177.0
1405148808.0
1405150803.0
1405152760.0
1405153084.0
1405208402.0
1405208585.0
1405220591.0
1405223453.0
1405223836.0
1405227930.0
1405232093.0
1405235662.0
1405235977.0
1405236274.0
1405240523.0
1405284465.0
1405289317.0
1405310096.0
1405329289.0
1405331960.0
1405362457.0
1405366800.0
1405367543.0
1405368945.0
1405369455.0
1405370130.0
1405370828.0
1405370936.0
1405372669.0
1405373408.0
1405373712.0
1405383933.0
1405403814.0
1405408028.0
1405409902.0
1405411545.0
1405411601.0
1405414577.0
1405416354.0
1405466952.0
1405469485.0
1405469509.0
1405469689.0
1405473999.0
1405478378.0
1405483838.0
1405485988.0
1405486489.0
1405486879.0
1405488694.0
1405488912.0
1405488947.0
1405489746.0
1405494429.0
1405500363.0
1405502332.0
1405543721.0
1405546812.0
1405552039.0
1405553370.0
1405555195.0
1405557543.0
1405558287.0
1405558298.0
1405558398.0
1405558453.0
1405558530.0
1405558584.0
1405559085.0
1405559131.0
1405559629.0
1405559668.0
1405560346.0
1405563363.0
1405565378.0
1405567506.0
1405567918.0
1405568579.0
1405571561.0
1405576808.0
1405635185.0
1405646565.0
1405650276.0
1405661000.0
1405661232.0
1405674714.0
1405677068.0
1405677292.0
1405707153.0
1405707599.0
1405707843.0
1405711471.0
1405717658.0
1405718005.0
1405721464.0
1405722507.0
1405726315.0
1405742685.0
1405817332.0
1405820899.0
1405821719.0
1405821895.0
1405822058.0
1405823128.0
1405823354.0
1405837295.0
1405844123.0
1405896475.0
1405897785.0
1405899495.0
1405899731.0
1405899911.0
1405900025.0
1405904324.0
1405908219.0
1405909598.0
1405952197.0
1405957091.0
1406152683.0
1406158064.0
1406158323.0
1406163301.0
1406192114.0
1406240915.0
1406250473.0
1406250791.0
1406252831.0
1406268297.0
1406268633.0
1406269941.0
1406272059.0
1406278505.0
1406308419.0
1406319097.0
1406332152.0
1406332581.0
1406335216.0
1406335577.0
1406349433.0
1406355266.0
1406358560.0
1406359053.0
1406359870.0
1406360030.0
1406360111.0
1406392923.0
1406393253.0
1406394304.0
1406398117.0
1406398339.0
1406401162.0
1406413323.0
1406422833.0
1406434205.0
1406434356.0
1406439247.0
1406440365.0
1406441052.0
1406502587.0
1406511278.0
1406538552.0
1406539425.0
1406579240.0
1406586246.0
1406586321.0
1406586433.0
1406588261.0
1406588325.0
1406588676.0
1406588844.0
1406589117.0
1406595202.0
1406605826.0
1406606895.0
1406606899.0
1406608699.0
1406609006.0
1406649676.0
1406649725.0
1406658274.0
1406661956.0
1406662571.0
1406662715.0
1406697310.0
1406703950.0
1406752278.0
1406760869.0
1406761000.0
1406769097.0
1406775086.0
1406775687.0
1406777241.0
