1440112224, 20
1440112230, 22
1440112236, 25
1440112242, 28
1440112248, 30
1440112254, 30
1440112260, 32
1440112266, 35
1440112272, 37
1440112278, 36
1440112285, 37
1440112290, 38
1440112296, 38
1440112302, 39
1440112308, 41
1440112314, 41
1440112320, 46
1440112326, 45
1440112332, 45
1440112338, 47
1440112344, 47
1440112350, 50
1440112356, 51
1440112362, 54
1440112369, 54
1440112375, 57
1440112380, 55
1440112386, 58
1440112393, 62
1440112398, 63
1440112404, 65
1440112410, 68
1440112417, 65
1440112423, 68
1440112429, 71
1440112435, 70
1440112441, 73
1440112446, 73
1440112453, 76
1440112459, 76
1440112464, 81
1440112471, 77
1440112476, 76
1440112483, 78
1440112489, 81
1440112494, 77
1440112501, 83
1440112506, 84
1440112513, 84
1440112519, 86
1440112524, 90
1440112530, 88
1440112536, 92
1440112543, 97
1440112548, 95
1440112554, 98
1440112561, 102
1440112567, 106
1440112572, 110
1440112579, 110
1440112584, 113
1440112591, 112
1440112597, 116
1440112603, 120
1440112609, 124
1440112615, 125
1440112621, 123
1440112627, 124
1440112633, 130
1440112639, 132
1440112645, 132
1440112651, 137
1440112656, 137
1440112663, 138
1440112669, 137
1440112675, 140
1440112681, 145
1440112686, 150
1440112693, 148
1440112699, 151
1440112705, 151
1440112711, 156
1440112717, 156
1440112722, 159
1440112729, 158
1440112735, 159
1440112741, 163
1440112747, 162
1440112753, 164
1440112758, 166
1440112765, 170
1440112771, 174
1440112777, 176
1440112783, 177
1440112789, 178
1440112795, 178
1440112801, 182
1440112807, 181
1440112813, 182
1440112819, 181
1440112825, 184
1440112831, 186
1440112837, 186
1440112843, 189
1440112849, 191
1440112855, 192
1440112861, 194
1440112867, 197
1440112873, 196
1440112879, 198
1440112885, 196
1440112891, 197
1440112897, 198
1440112903, 198
1440112909, 202
1440112915, 200
1440112921, 205
1440112927, 205
1440112933, 209
1440112939, 212
1440112945, 214
1440112951, 215
1440112957, 219
1440112963, 219
1440112969, 221
1440112975, 228
1440112981, 227
1440112987, 228
1440112993, 231
1440112999, 237
1440113008, 236
1440113014, 235
1440113020, 235
1440113026, 234
1440113032, 238
1440113038, 242
1440113044, 241
1440113050, 244
1440113056, 248
1440113062, 250
1440113068, 250
1440113074, 251
1440113080, 255
1440113086, 260
1440113092, 259
1440113098, 265
1440113104, 271
1440113110, 266
1440113116, 269
1440113122, 274
1440113128, 275
1440113134, 276
1440113140, 275
1440113146, 277
1440113152, 274
1440113158, 279
1440113164, 280
1440113170, 280
1440113176, 276
1440113182, 277
1440113188, 282
1440113194, 290
1440113200, 288
1440113206, 290
1440113212, 288
1440113218, 293
1440113224, 294
1440113230, 298
1440113236, 295
1440113241, 302
1440113248, 304
1440113254, 302
1440113260, 303
1440113266, 305
1440113272, 306
1440113278, 309
1440113284, 312
1440113290, 314
1440113296, 326
1440113302, 327
1440113308, 329
1440113314, 333
1440113319, 338
1440113326, 336
1440113332, 338
1440113338, 343
1440113344, 344
1440113350, 344
1440113356, 347
1440113362, 352
1440113368, 351
1440113374, 352
1440113380, 352
1440113386, 352
1440113392, 355
1440113398, 358
1440113404, 359
1440113410, 359
1440113416, 364
1440113422, 367
1440113428, 370
1440113434, 371
1440113440, 374
1440113446, 380
1440113452, 382
1440113457, 385
1440113464, 385
1440113470, 392
1440113475, 391
1440113482, 390
1440113488, 391
1440113494, 390
1440113500, 391
1440113506, 389
1440113512, 394
1440113518, 396
1440113524, 399
1440113530, 399
1440113536, 403
1440113542, 406
1440113548, 407
1440113554, 411
1440113560, 411
1440113566, 415
1440113572, 415
1440113578, 422
1440113584, 422
1440113590, 423
1440113596, 424
1440113602, 425
1440113608, 425
1440113616, 424
1440113622, 429
1440113628, 433
1440113634, 432
1440113640, 434
1440113646, 436
1440113652, 436
1440113658, 435
1440113664, 439
1440113670, 439
1440113676, 437
1440113682, 447
1440113688, 448
1440113694, 450
1440113700, 447
1440113706, 451
1440113712, 452
1440113718, 453
1440113724, 455
1440113730, 456
1440113736, 458
1440113742, 459
1440113747, 467
1440113754, 471
1440113760, 472
1440113766, 482
1440113772, 482
1440113778, 481
1440113784, 491
1440113790, 484
1440113796, 489
1440113802, 490
1440113808, 489
1440113814, 496
1440113820, 497
1440113826, 499
1440113832, 502
1440113838, 502
1440113844, 501
1440113850, 508
1440113856, 517
1440113862, 516
1440113868, 512
1440113874, 513
1440113880, 518
1440113886, 516
1440113892, 519
1440113898, 526
1440113904, 537
1440113910, 535
1440113916, 539
1440113922, 539
1440113928, 542
1440113934, 550
1440113940, 551
1440113946, 552
1440113952, 554
1440113958, 564
1440113964, 568
1440113970, 570
1440113976, 572
1440113982, 573
1440113988, 577
1440113994, 582
1440114000, 584
1440114006, 585
1440114012, 590
1440114018, 585
1440114024, 586
1440114030, 585
1440114036, 592
1440114042, 596
1440114048, 597
1440114054, 598
1440114060, 600
1440114066, 601
1440114072, 602
1440114078, 604
1440114084, 613
1440114090, 612
1440114102, 614
1440114107, 625
1440114113, 624
1440114119, 622
1440114125, 628
1440114131, 628
1440114137, 628
1440114143, 631
1440114149, 638
1440114155, 641
1440114161, 643
1440114167, 640
1440114173, 648
1440114178, 647
1440114185, 653
1440114190, 655
1440114197, 655
1440114203, 660
1440114209, 661
1440114214, 665
1440114221, 668
1440114227, 669
1440114233, 670
1440114239, 673
1440114245, 675
1440114251, 675
1440114257, 676
1440114263, 682
1440114269, 691
1440114275, 692
1440114281, 694
1440114287, 701
1440114293, 700
1440114299, 703
1440114305, 707
1440114311, 715
1440114317, 719
1440114323, 716
1440114329, 721
1440114335, 724
1440114341, 728
1440114347, 728
1440114353, 725
1440114359, 727
1440114365, 734
1440114371, 734
1440114377, 736
1440114383, 740
1440114389, 737
1440114395, 740
1440114401, 739
1440114407, 745
1440114413, 751
1440114419, 750
1440114425, 756
1440114431, 770
1440114437, 768
1440114443, 776
1440114449, 774
1440114455, 774
1440114461, 782
1440114467, 780
1440114473, 779
1440114479, 779
1440114485, 784
1440114491, 782
1440114497, 789
1440114503, 795
1440114509, 799
1440114515, 801
1440114521, 801
1440114527, 806
1440114533, 809
1440114539, 806
1440114545, 807
1440114551, 815
1440114557, 821
1440114563, 820
1440114569, 826
1440114575, 830
1440114581, 830
1440114587, 833
1440114593, 837
1440114599, 838
1440114605, 842
1440114611, 846
1440114617, 847
1440114623, 849
1440114629, 848
1440114635, 853
1440114641, 848
1440114647, 854
1440114653, 858
1440114659, 857
1440114665, 858
1440114671, 860
1440114677, 872
1440114683, 868
1440114689, 871
1440114695, 874
1440114701, 880
1440114707, 877
1440114713, 878
1440114719, 887
1440114725, 887
1440114731, 890
1440114737, 892
1440114743, 895
1440114749, 905
1440114755, 904
1440114761, 904
1440114767, 908
1440114773, 909
1440114779, 911
1440114785, 918
1440114791, 916
1440114797, 920
1440114803, 921
1440114809, 919
1440114815, 923
1440114821, 925
1440114827, 930
1440114833, 927
1440114839, 932
1440114845, 931
1440114851, 938
1440114857, 938
1440114863, 940
1440114869, 945
1440114875, 945
1440114881, 948
1440114887, 948
1440114893, 947
1440114899, 959
1440114905, 966
1440114911, 964
1440114917, 965
1440114923, 969
1440114929, 972
1440114935, 970
1440114941, 975
1440114947, 973
1440114953, 972
1440114959, 974
1440114965, 980
1440114971, 983
1440114977, 983
1440114983, 984
1440114989, 985
1440114995, 988
1440115001, 987
1440115007, 987
1440115013, 991
1440115019, 991
1440115025, 995
1440115031, 993
1440115037, 992
1440115043, 1001
1440115049, 997
1440115055, 1002
1440115061, 1002
1440115067, 999
1440115073, 1006
1440115079, 1009
1440115085, 1012
1440115091, 1013
1440115097, 1018
1440115104, 1019
1440115109, 1021
1440115115, 1028
1440115121, 1027
1440115127, 1025
1440115133, 1032
1440115139, 1030
1440115145, 1035
1440115151, 1032
1440115157, 1034
1440115163, 1041
1440115169, 1037
1440115175, 1037
1440115181, 1050
1440115187, 1047
1440115193, 1050
1440115199, 1053
1440115205, 1053
1440115211, 1051
1440115217, 1060
1440115223, 1064
1440115229, 1064
1440115235, 1068
1440115241, 1072
1440115247, 1077
1440115253, 1083
1440115259, 1080
1440115265, 1079
1440115271, 1080
1440115277, 1083
1440115283, 1084
1440115289, 1086
1440115295, 1089
1440115301, 1090
1440115307, 1097
1440115313, 1094
1440115319, 1100
1440115325, 1107
1440115331, 1107
1440115337, 1109
1440115343, 1112
1440115349, 1115
1440115355, 1117
1440115361, 1116
1440115367, 1116
1440115373, 1124
1440115379, 1130
1440115385, 1127
1440115391, 1128
1440115397, 1130
1440115403, 1132
1440115409, 1131
1440115415, 1138
1440115421, 1143
1440115427, 1145
1440115433, 1150
1440115439, 1156
1440115445, 1159
1440115451, 1163
1440115457, 1160
1440115463, 1162
1440115469, 1167
1440115475, 1172
1440115481, 1172
1440115487, 1179
1440115493, 1180
1440115499, 1182
1440115505, 1182
1440115511, 1192
1440115517, 1194
1440115523, 1201
1440115529, 1199
1440115535, 1203
1440115541, 1209
1440115547, 1213
1440115553, 1220
1440115559, 1221
1440115565, 1224
1440115571, 1226
1440115577, 1232
1440115583, 1235
1440115589, 1236
1440115595, 1239
1440115601, 1242
1440115607, 1242
1440115613, 1246
1440115619, 1249
1440115625, 1253
1440115631, 1256
1440115637, 1262
1440115643, 1270
1440115649, 1274
1440115655, 1280
1440115661, 1278
1440115667, 1281
1440115673, 1287
1440115679, 1291
1440115685, 1285
1440115691, 1293
1440115697, 1294
1440115703, 1300
1440115709, 1305
1440115715, 1306
1440115721, 1311
1440115727, 1315
1440115733, 1317
1440115739, 1316
1440115745, 1319
1440115751, 1318
1440115757, 1327
1440115763, 1330
1440115769, 1338
1440115775, 1345
1440115781, 1350
1440115787, 1347
1440115793, 1358
1440115799, 1358
1440115805, 1362
1440115811, 1369
1440115817, 1370
1440115823, 1374
1440115829, 1373
1440115835, 1377
1440115841, 1374
1440115847, 1378
1440115853, 1382
1440115859, 1386
1440115865, 1391
1440115871, 1396
1440115877, 1401
1440115883, 1402
1440115889, 1401
1440115895, 1402
1440115901, 1410
1440115907, 1408
1440115913, 1415
1440115919, 1420
1440115925, 1416
1440115931, 1420
1440115937, 1424
1440115943, 1427
1440115949, 1431
1440115955, 1433
1440115961, 1436
1440115967, 1441
1440115973, 1444
1440115979, 1446
1440115985, 1443
1440115991, 1443
1440115997, 1444
1440116003, 1453
1440116009, 1449
1440116015, 1451
1440116021, 1455
1440116027, 1455
1440116033, 1461
1440116039, 1465
1440116045, 1470
1440116051, 1469
1440116057, 1478
1440116063, 1481
1440116069, 1482
1440116075, 1477
1440116081, 1485
1440116087, 1484
1440116093, 1495
1440116099, 1497
1440116105, 1495
1440116111, 1498
1440116117, 1498
1440116123, 1505
1440116129, 1510
1440116135, 1517
1440116141, 1516
1440116147, 1517
1440116153, 1518
1440116159, 1519
1440116165, 1521
1440116171, 1528
1440116177, 1531
1440116183, 1531
1440116189, 1539
1440116196, 1543
1440116201, 1544
1440116207, 1544
1440116213, 1547
1440116219, 1551
1440116225, 1554
1440116231, 1559
1440116237, 1562
1440116243, 1561
1440116249, 1564
1440116255, 1568
1440116261, 1568
1440116267, 1565
1440116273, 1568
1440116279, 1565
1440116285, 1566
1440116291, 1572
1440116297, 1575
1440116303, 1579
1440116309, 1583
1440116315, 1587
1440116321, 1586
1440116327, 1594
1440116333, 1597
1440116339, 1595
1440116345, 1598
1440116351, 1607
1440116357, 1611
1440116363, 1607
1440116371, 1613
1440116377, 1617
1440116383, 1618
1440116389, 1618
1440116395, 1620
1440116401, 1627
1440116407, 1626
1440116413, 1628
1440116419, 1633
1440116425, 1629
1440116431, 1636
1440116437, 1641
1440116443, 1633
1440116449, 1644
1440116455, 1646
1440116461, 1649
1440116472, 1652
1440116477, 1656
1440116483, 1659
1440116489, 1663
1440116495, 1669
1440116501, 1671
1440116507, 1683
1440116513, 1683
1440116519, 1686
1440116525, 1690
1440116531, 1692
1440116537, 1701
1440116543, 1705
1440116549, 1705
1440116555, 1715
1440116561, 1723
1440116567, 1721
1440116573, 1723
1440116579, 1726
1440116586, 1727
1440116591, 1732
1440116597, 1731
1440116603, 1732
1440116609, 1737
1440116615, 1745
1440116621, 1754
1440116628, 1758
1440116633, 1763
1440116639, 1770
1440116645, 1769
1440116651, 1773
1440116657, 1777
1440116663, 1778
1440116669, 1785
1440116675, 1786
1440116681, 1794
1440116687, 1798
1440116693, 1802
1440116699, 1809
1440116705, 1812
1440116711, 1813
1440116717, 1819
1440116723, 1821
1440116729, 1824
1440116735, 1823
1440116741, 1834
1440116747, 1830
1440116753, 1836
1440116759, 1832
1440116765, 1837
1440116771, 1842
1440116777, 1841
1440116783, 1846
1440116789, 1856
1440116795, 1854
1440116801, 1858
1440116807, 1859
1440116813, 1863
1440116819, 1862
1440116825, 1864
1440116832, 1871
1440116837, 1866
1440116843, 1872
1440116850, 1870
1440116855, 1873
1440116861, 1874
1440116867, 1879
1440116873, 1881
1440116879, 1882
1440116885, 1884
1440116891, 1888
1440116897, 1892
1440116903, 1896
1440116909, 1895
1440116915, 1901
1440116922, 1902
1440116927, 1907
1440116933, 1908
1440116939, 1917
1440116945, 1919
1440116951, 1928
1440116957, 1929
1440116963, 1934
1440116969, 1940
1440116975, 1949
1440116981, 1946
1440116987, 1949
1440116994, 1948
1440116999, 1958
1440117005, 1957
1440117011, 1962
1440117017, 1967
1440117023, 1968
1440117029, 1975
1440117035, 1973
1440117041, 1979
1440117047, 1982
1440117053, 1988
1440117059, 1993
1440117065, 1998
1440117071, 2006
1440117078, 2003
1440117083, 2010
1440117089, 2010
1440117095, 2013
1440117101, 2017
1440117107, 2018
1440117113, 2024
1440117119, 2027
1440117125, 2029
1440117131, 2036
1440117137, 2035
1440117143, 2039
1440117149, 2038
1440117155, 2041
1440117161, 2048
1440117167, 2045
1440117174, 2045
1440117179, 2049
1440117185, 2051
1440117191, 2061
1440117197, 2062
1440117203, 2068
1440117209, 2071
1440117215, 2072
1440117221, 2076
1440117227, 2080
1440117234, 2082
1440117239, 2084
1440117245, 2084
1440117251, 2089
1440117257, 2088
1440117263, 2085
1440117269, 2086
1440117275, 2087
1440117281, 2087
1440117288, 2095
1440117293, 2101
1440117299, 2106
1440117305, 2106
1440117311, 2109
1440117317, 2114
1440117323, 2119
1440117329, 2126
1440117335, 2128
1440117341, 2132
1440117347, 2135
1440117353, 2136
1440117359, 2141
1440117365, 2146
1440117371, 2147
1440117377, 2147
1440117383, 2152
1440117389, 2152
1440117395, 2153
1440117401, 2156
1440117407, 2156
1440117413, 2161
1440117419, 2166
1440117425, 2164
1440117432, 2167
1440117437, 2171
1440117443, 2174
1440117450, 2175
1440117455, 2174
1440117461, 2175
1440117467, 2182
1440117473, 2183
1440117479, 2183
1440117485, 2185
1440117491, 2192
1440117497, 2198
1440117503, 2197
1440117509, 2207
1440117515, 2205
1440117521, 2212
1440117527, 2216
1440117533, 2215
1440117539, 2218
1440117545, 2216
1440117551, 2221
1440117558, 2222
1440117563, 2224
1440117569, 2231
1440117576, 2233
1440117581, 2229
1440117587, 2233
1440117593, 2236
1440117599, 2240
1440117605, 2238
1440117611, 2238
1440117617, 2244
1440117623, 2243
1440117629, 2244
1440117635, 2248
1440117641, 2253
1440117647, 2255
1440117653, 2257
1440117659, 2262
1440117665, 2263
1440117671, 2265
1440117677, 2269
1440117683, 2271
1440117689, 2277
1440117695, 2284
1440117701, 2287
1440117707, 2290
1440117713, 2300
1440117719, 2299
1440117725, 2298
1440117731, 2304
1440117738, 2304
1440117743, 2304
1440117749, 2304
1440117755, 2309
1440117761, 2316
1440117767, 2322
1440117774, 2326
1440117780, 2332
1440117785, 2336
1440117791, 2341
1440117797, 2338
1440117803, 2342
1440117809, 2344
1440117815, 2348
1440117821, 2348
1440117827, 2349
1440117833, 2355
1440117839, 2360
1440117845, 2361
1440117851, 2356
1440117857, 2365
1440117863, 2368
1440117869, 2367
1440117875, 2369
1440117881, 2369
1440117887, 2371
1440117893, 2371
1440117899, 2368
1440117905, 2367
1440117911, 2370
1440117917, 2372
1440117923, 2374
1440117929, 2381
1440117935, 2381
1440117941, 2381
1440117947, 2382
1440117954, 2387
1440117962, 2392
1440117968, 2391
1440117974, 2397
1440117980, 2400
1440117986, 2402
1440117991, 2401
1440117998, 2404
1440118004, 2409
1440118010, 2416
1440118016, 2420
1440118022, 2422
1440118027, 2420
1440118034, 2423
1440118040, 2424
1440118045, 2427
1440118052, 2437
1440118058, 2438
1440118064, 2442
1440118070, 2445
1440118075, 2448
1440118082, 2447
1440118088, 2446
1440118094, 2444
1440118100, 2447
1440118106, 2453
1440118112, 2450
1440118118, 2450
1440118124, 2455
1440118130, 2460
1440118136, 2459
1440118142, 2459
1440118148, 2458
1440118154, 2467
1440118160, 2469
1440118166, 2478
1440118172, 2483
1440118178, 2480
1440118184, 2489
1440118190, 2484
1440118195, 2485
1440118202, 2488
1440118207, 2490
1440118214, 2489
1440118220, 2491
1440118228, 2501
1440118234, 2496
1440118240, 2500
1440118246, 2510
1440118252, 2519
1440118258, 2521
1440118264, 2534
1440118270, 2534
1440118276, 2529
1440118282, 2532
1440118288, 2534
1440118294, 2539
1440118300, 2540
1440118306, 2549
1440118312, 2547
1440118318, 2552
1440118324, 2558
1440118330, 2553
1440118336, 2560
1440118342, 2561
1440118348, 2559
1440118354, 2566
1440118360, 2568
1440118366, 2572
1440118372, 2571
1440118378, 2583
1440118384, 2586
1440118390, 2584
1440118396, 2589
1440118402, 2592
1440118408, 2590
1440118414, 2593
1440118420, 2605
1440118426, 2611
1440118432, 2612
1440118438, 2611
1440118444, 2612
1440118450, 2615
1440118456, 2620
1440118462, 2624
1440118468, 2629
1440118474, 2629
1440118480, 2631
1440118486, 2633
1440118492, 2634
1440118498, 2634
1440118504, 2642
1440118510, 2648
1440118516, 2652
1440118522, 2650
1440118528, 2657
1440118534, 2662
1440118540, 2668
1440118546, 2668
1440118552, 2675
1440118558, 2675
1440118564, 2681
1440118570, 2679
1440118576, 2682
1440118582, 2685
1440118588, 2696
1440118594, 2700
1440118600, 2702
1440118606, 2708
1440118612, 2712
1440118618, 2710
1440118624, 2720
1440118630, 2717
1440118636, 2722
1440118642, 2733
1440118648, 2729
1440118654, 2735
1440118660, 2735
1440118666, 2742
1440118672, 2739
1440118678, 2739
1440118684, 2747
1440118690, 2748
1440118696, 2748
1440118702, 2752
1440118708, 2756
1440118714, 2756
1440118720, 2763
1440118726, 2766
1440118732, 2761
1440118738, 2767
1440118744, 2771
1440118750, 2773
1440118756, 2775
1440118762, 2788
1440118768, 2785
1440118774, 2790
1440118780, 2788
1440118786, 2794
1440118792, 2797
1440118798, 2801
1440118804, 2804
1440118810, 2807
1440118816, 2813
1440118822, 2812
1440118828, 2818
1440118834, 2819
1440118840, 2823
1440118846, 2831
1440118852, 2832
1440118858, 2832
1440118864, 2831
1440118870, 2834
1440118876, 2832
1440118882, 2840
1440118888, 2836
1440118894, 2835
1440118900, 2841
1440118906, 2838
1440118912, 2844
1440118918, 2844
1440118924, 2848
1440118930, 2855
1440118936, 2852
1440118942, 2858
1440118948, 2860
1440118954, 2854
1440118960, 2861
1440118966, 2864
1440118972, 2866
1440118978, 2874
1440118984, 2877
1440118990, 2880
1440118996, 2890
1440119002, 2888
1440119008, 2893
1440119014, 2896
1440119020, 2897
1440119026, 2899
1440119032, 2902
1440119038, 2904
1440119044, 2911
1440119050, 2913
1440119056, 2913
1440119062, 2926
1440119068, 2928
1440119074, 2932
1440119080, 2932
1440119086, 2938
1440119092, 2945
1440119098, 2941
1440119104, 2941
1440119110, 2950
1440119116, 2947
1440119122, 2950
1440119128, 2955
1440119134, 2960
1440119140, 2952
1440119146, 2955
1440119152, 2958
1440119158, 2961
1440119164, 2956
1440119170, 2958
1440119176, 2965
1440119182, 2970
1440119188, 2963
1440119194, 2969
1440119200, 2976
1440119206, 2980
1440119212, 2979
1440119218, 2988
1440119224, 2999
1440119230, 2998
1440119236, 3005
1440119242, 3003
1440119248, 2996
1440119254, 3001
1440119260, 2999
1440119266, 3004
1440119272, 3010
1440119278, 3017
1440119284, 3019
1440119290, 3016
1440119296, 3021
1440119302, 3026
1440119308, 3023
1440119314, 3027
1440119320, 2940
1440119326, 2952
1440119332, 2950
1440119338, 2950
1440119344, 2956
1440119350, 2963
1440119356, 2955
1440119362, 2961
1440119368, 2972
1440119374, 2966
1440119380, 2975
1440119386, 2976
1440119392, 2981
1440119398, 2984
1440119404, 2982
1440119410, 2981
1440119416, 2989
1440119422, 2998
1440119428, 2992
1440119439, 3000
1440119444, 3001
1440119450, 3004
1440119456, 3009
1440119462, 3019
1440119468, 3023
1440119474, 3020
1440119480, 3029
1440119486, 3024
1440119492, 3038
1440119498, 3036
1440119504, 3039
1440119510, 3047
1440119516, 3047
1440119522, 3049
1440119528, 3051
1440119534, 3057
1440119540, 3066
1440119546, 3059
1440119552, 3063
1440119558, 3060
1440119564, 3068
1440119570, 3069
1440119576, 3071
1440119582, 3070
1440119588, 3082
1440119594, 3084
1440119600, 3090
1440119606, 3088
1440119612, 3089
1440119618, 3098
1440119624, 3101
1440119630, 3096
1440119636, 3102
1440119642, 3102
1440119648, 3108
1440119654, 3108
1440119660, 3114
1440119666, 3106
1440119672, 3112
1440119678, 3118
1440119684, 3118
1440119690, 3123
1440119696, 3119
1440119702, 3128
1440119708, 3127
1440119714, 3133
1440119720, 3133
1440119726, 3135
1440119732, 3136
1440119738, 3138
1440119744, 3142
1440119750, 3149
1440119756, 3142
1440119762, 3152
1440119768, 3146
1440119774, 3149
1440119781, 3151
1440119786, 3151
1440119792, 3159
1440119798, 3151
1440119804, 3157
1440119810, 3157
1440119816, 3158
1440119822, 3159
1440119828, 3167
1440119834, 3169
1440119840, 3166
1440119846, 3176
1440119852, 3170
1440119858, 3175
1440119864, 3176
1440119870, 3178
1440119876, 3174
1440119882, 3189
1440119888, 3188
1440119894, 3192
1440119900, 3188
1440119906, 3194
1440119912, 3194
1440119919, 3190
1440119924, 3200
1440119931, 3203
1440119936, 3198
1440119942, 3199
1440119948, 3205
1440119954, 3208
1440119960, 3214
1440119966, 3205
1440119972, 3211
1440119978, 3218
1440119984, 3214
1440119990, 3220
1440119996, 3231
1440120002, 3231
1440120008, 3225
1440120014, 3231
1440120020, 3232
1440120026, 3231
1440120032, 3238
1440120038, 3249
1440120044, 3251
1440120050, 3244
1440120056, 3256
1440120062, 3249
1440120068, 3253
1440120074, 3256
1440120080, 3264
1440120086, 3261
1440120092, 3267
1440120098, 3272
1440120104, 3282
1440120110, 3276
1440120117, 3281
1440120122, 3286
1440120128, 3286
1440120134, 3290
1440120140, 3293
1440120146, 3294
1440120152, 3299
1440120158, 3301
1440120164, 3303
1440120170, 3305
1440120176, 3305
1440120182, 3313
1440120188, 3321
1440120194, 3320
1440120200, 3318
1440120206, 3319
1440120212, 3331
1440120218, 3330
1440120224, 3338
1440120230, 3341
1440120236, 3339
1440120242, 3347
1440120248, 3343
1440120254, 3348
1440120260, 3348
1440120266, 3352
1440120272, 3353
1440120278, 3355
1440120284, 3359
1440120290, 3362
1440120296, 3367
1440120302, 3367
1440120308, 3368
1440120314, 3376
1440120320, 3372
1440120326, 3377
1440120332, 3372
1440120338, 3377
1440120344, 3383
1440120351, 3387
1440120356, 3385
1440120362, 3386
1440120368, 3389
1440120374, 3395
1440120380, 3391
1440120386, 3403
1440120392, 3405
1440120398, 3406
1440120404, 3410
1440120410, 3412
1440120416, 3418
1440120422, 3415
1440120428, 3417
1440120434, 3429
1440120440, 3429
1440120446, 3436
1440120452, 3432
1440120458, 3444
1440120464, 3438
1440120470, 3444
1440120476, 3448
1440120482, 3453
1440120488, 3450
1440120494, 3452
1440120500, 3453
1440120506, 3461
1440120512, 3452
1440120518, 3463
1440120524, 3464
1440120530, 3463
1440120536, 3467
1440120542, 3468
1440120548, 3474
1440120554, 3473
1440120560, 3478
1440120566, 3480
1440120572, 3484
1440120578, 3485
1440120584, 3482
1440120590, 3494
1440120596, 3491
1440120602, 3488
1440120608, 3494
1440120614, 3501
1440120620, 3508
1440120626, 3508
1440120632, 3507
1440120638, 3513
1440120644, 3522
1440120650, 3517
1440120656, 3524
1440120662, 3520
1440120668, 3522
1440120674, 3521
1440120680, 3530
1440120686, 3530
1440120692, 3528
1440120698, 3531
1440120704, 3541
1440120710, 3547
1440120716, 3549
1440120722, 3546
1440120728, 3548
1440120734, 3554
1440120740, 3557
1440120746, 3556
1440120752, 3562
1440120758, 3553
1440120764, 3564
1440120771, 3561
1440120776, 3562
1440120782, 3569
1440120788, 3568
1440120794, 3573
1440120800, 3580
1440120806, 3585
1440120812, 3579
1440120818, 3583
1440120824, 3589
1440120830, 3595
1440120836, 3606
1440120842, 3599
1440120848, 3605
1440120854, 3611
1440120860, 3612
1440120866, 3613
1440120872, 3613
1440120878, 3611
1440120884, 3615
1440120890, 3611
1440120896, 3616
1440120903, 3619
1440120908, 3618
1440120914, 3627
1440120920, 3624
1440120926, 3625
1440120933, 3633
1440120938, 3637
1440120944, 3638
1440120950, 3634
1440120956, 3635
1440120962, 3643
1440120968, 3642
1440120974, 3643
1440120980, 3645
1440120986, 3644
1440120992, 3647
1440120998, 3648
1440121004, 3654
1440121010, 3651
1440121016, 3656
1440121022, 3661
1440121028, 3664
1440121034, 3666
1440121040, 3664
1440121046, 3671
1440121052, 3673
1440121058, 3666
1440121064, 3673
1440121070, 3676
1440121076, 3682
1440121082, 3676
1440121088, 3677
1440121094, 3682
1440121100, 3669
1440121106, 3689
1440121112, 3683
1440121118, 3685
1440121124, 3687
1440121130, 3692
1440121136, 3687
1440121142, 3689
1440121148, 3701
1440121154, 3701
1440121161, 3696
1440121166, 3700
1440121172, 3693
1440121178, 3698
1440121184, 3698
1440121190, 3707
1440121196, 3704
1440121202, 3705
1440121208, 3710
1440121214, 3714
1440121220, 3713
1440121226, 3715
1440121232, 3721
1440121238, 3721
1440121244, 3722
1440121250, 3718
1440121256, 3722
1440121262, 3729
1440121268, 3732
1440121274, 3730
1440121281, 3731
1440121286, 3736
1440121292, 3734
1440121298, 3742
1440121305, 3743
1440121310, 3737
1440121316, 3740
1440121322, 3738
1440121328, 3746
1440121335, 3750
1440121340, 3755
1440121346, 3754
1440121352, 3753
1440121358, 3752
1440121364, 3758
1440121370, 3763
1440121376, 3762
1440121382, 3776
1440121388, 3772
1440121394, 3778
1440121400, 3777
1440121406, 3775
1440121412, 3779
1440121418, 3783
1440121424, 3777
1440121431, 3778
1440121436, 3788
1440121442, 3793
1440121448, 3789
1440121454, 3789
1440121460, 3799
1440121466, 3799
1440121472, 3802
1440121478, 3804
1440121484, 3807
1440121490, 3813
1440121496, 3816
1440121502, 3811
1440121508, 3813
1440121514, 3815
1440121520, 3819
1440121526, 3821
1440121532, 3826
1440121538, 3833
1440121544, 3836
1440121550, 3832
1440121556, 3835
1440121562, 3832
1440121568, 3843
1440121574, 3836
1440121580, 3847
1440121586, 3846
1440121592, 3846
1440121598, 3855
1440121604, 3852
1440121610, 3848
1440121616, 3846
1440121622, 3854
1440121628, 3857
1440121634, 3850
1440121640, 3854
1440121646, 3859
1440121652, 3852
1440121658, 3857
1440121664, 3860
1440121670, 3857
1440121676, 3860
1440121682, 3853
1440121689, 3865
1440121694, 3862
1440121700, 3871
1440121707, 3865
1440121712, 3865
1440121719, 3866
1440121724, 3876
1440121730, 3872
1440121736, 3869
1440121742, 3878
1440121748, 3876
1440121754, 3869
1440121760, 3876
1440121766, 3881
1440121772, 3872
1440121778, 3879
1440121784, 3881
1440121790, 3871
1440121796, 3880
1440121802, 3883
1440121808, 3880
1440121814, 3886
1440121820, 3888
1440121826, 3895
1440121832, 3892
1440121838, 3894
1440121844, 3902
1440121850, 3894
1440121856, 3905
1440121862, 3900
1440121868, 3902
1440121874, 3896
1440121880, 3904
1440121886, 3902
1440121892, 3902
1440121898, 3910
1440121904, 3901
1440121910, 3907
1440121916, 3905
1440121922, 3908
1440121928, 3917
1440121934, 3915
1440121940, 3920
1440121946, 3920
1440121952, 3920
1440121958, 3926
1440121964, 3919
1440121970, 3929
1440121976, 3924
1440121982, 3924
1440121988, 3932
1440121994, 3931
1440122000, 3937
1440122006, 3935
1440122012, 3935
1440122018, 3928
1440122024, 3935
1440122030, 3939
1440122036, 3940
1440122042, 3943
1440122048, 3945
1440122055, 3940
1440122060, 3939
1440122066, 3941
1440122072, 3942
1440122078, 3949
1440122084, 3944
1440122090, 3946
1440122096, 3950
1440122102, 3949
1440122108, 3944
1440122114, 3950
1440122120, 3953
1440122126, 3955
1440122132, 3951
1440122139, 3951
1440122144, 3959
1440122150, 3956
1440122156, 3952
1440122162, 3953
1440122168, 3953
1440122174, 3962
1440122180, 3961
1440122186, 3957
1440122192, 3962
1440122198, 3971
1440122204, 3965
1440122210, 3975
1440122216, 3976
1440122223, 3968
1440122228, 3974
1440122234, 3976
1440122240, 3981
1440122246, 3982
1440122252, 3979
1440122259, 3982
1440122264, 3985
1440122270, 3988
1440122276, 3981
1440122282, 3985
1440122288, 3980
1440122294, 3993
1440122300, 3986
1440122306, 3989
1440122312, 3994
1440122318, 3988
1440122324, 3990
1440122330, 3995
1440122336, 4000
1440122342, 4000
1440122348, 4003
1440122355, 4009
1440122360, 4007
1440122366, 4003
1440122372, 4009
1440122378, 4011
1440122385, 4006
1440122390, 4017
1440122396, 4015
1440122402, 4021
1440122408, 4024
1440122414, 4030
1440122421, 4025
1440122426, 4027
1440122432, 4029
1440122438, 4033
1440122444, 4036
1440122450, 4032
1440122456, 4036
1440122463, 4037
1440122468, 4035
1440122474, 4035
1440122480, 4034
1440122486, 4041
1440122492, 4039
1440122498, 4046
1440122504, 4042
1440122510, 4051
1440122516, 4048
1440122522, 4051
1440122528, 4057
1440122534, 4054
1440122540, 4056
1440122546, 4057
1440122552, 4054
1440122558, 4055
1440122565, 4058
1440122570, 4059
1440122576, 4061
1440122582, 4063
1440122588, 4064
1440122594, 4066
1440122600, 4072
1440122606, 4077
1440122612, 4067
1440122619, 4080
1440122624, 4074
1440122630, 4078
1440122636, 4083
1440122643, 4080
1440122648, 4082
1440122654, 4085
1440122660, 4084
1440122666, 4086
1440122672, 4083
1440122678, 4093
1440122684, 4095
1440122690, 4092
1440122696, 4100
1440122702, 4094
1440122708, 4099
1440122715, 4095
1440122720, 4107
1440122726, 4100
1440122732, 4111
1440122738, 4113
1440122744, 4119
1440122750, 4116
1440122756, 4113
1440122762, 4111
1440122768, 4109
1440122774, 4108
1440122780, 4121
1440122786, 4122
1440122792, 4113
1440122798, 4123
1440122804, 4124
1440122810, 4123
1440122816, 4124
1440122823, 4119
1440122828, 4129
1440122834, 4127
1440122841, 4127
1440122846, 4127
1440122852, 4132
1440122858, 4134
1440122864, 4137
1440122870, 4142
1440122876, 4138
1440122882, 4140
1440122888, 4142
1440122894, 4143
1440122900, 4145
1440122906, 4144
1440122912, 4139
1440122918, 4151
1440122924, 4148
1440122930, 4154
1440122936, 4152
1440122943, 4151
1440122948, 4151
1440122954, 4156
1440122960, 4149
1440122966, 4157
1440122972, 4153
1440122978, 4159
1440122984, 4155
1440122990, 4158
1440122999, 4156
1440123005, 4154
1440123011, 4159
1440123017, 4155
1440123023, 4165
1440123028, 4161
1440123035, 4162
1440123041, 4165
1440123047, 4165
1440123053, 4163
1440123059, 4164
1440123065, 4172
1440123071, 4167
1440123077, 4181
1440123083, 4175
1440123089, 4182
1440123095, 4188
1440123100, 4179
1440123107, 4185
1440123113, 4185
1440123118, 4189
1440123125, 4189
1440123130, 4183
1440123137, 4185
1440123143, 4191
1440123149, 4185
1440123155, 4194
1440123161, 4195
1440123167, 4195
1440123173, 4187
1440123179, 4188
1440123185, 4197
1440123191, 4198
1440123197, 4192
1440123203, 4202
1440123209, 4201
1440123215, 4200
1440123221, 4214
1440123227, 4210
1440123233, 4206
1440123239, 4211
1440123245, 4212
1440123251, 4211
1440123257, 4211
1440123263, 4217
1440123269, 4211
1440123275, 4215
1440123281, 4213
1440123287, 4220
1440123293, 4219
1440123299, 4221
1440123305, 4221
1440123311, 4226
1440123317, 4227
1440123323, 4235
1440123329, 4228
1440123335, 4231
1440123341, 4236
1440123347, 4242
1440123353, 4239
1440123359, 4237
1440123365, 4236
1440123370, 4245
1440123376, 4248
1440123382, 4254
1440123389, 4246
1440123395, 4243
1440123401, 4249
1440123407, 4252
1440123413, 4247
1440123419, 4252
1440123425, 4253
1440123431, 4258
1440123437, 4254
1440123443, 4255
1440123449, 4256
1440123455, 4254
1440123461, 4253
1440123467, 4258
1440123473, 4262
1440123479, 4260
1440123485, 4264
1440123490, 4265
1440123497, 4262
1440123503, 4270
1440123509, 4259
1440123515, 4268
1440123521, 4265
1440123527, 4265
1440123533, 4272
1440123539, 4265
1440123545, 4269
1440123551, 4272
1440123557, 4270
1440123563, 4269
1440123569, 4270
1440123575, 4279
1440123581, 4279
1440123587, 4284
1440123593, 4282
1440123599, 4280
1440123605, 4283
1440123611, 4291
1440123617, 4292
1440123623, 4289
1440123629, 4293
1440123635, 4296
1440123641, 4286
1440123647, 4294
1440123653, 4288
1440123659, 4297
1440123665, 4293
1440123671, 4295
1440123677, 4296
1440123683, 4293
1440123689, 4298
1440123695, 4294
1440123701, 4296
1440123707, 4305
1440123713, 4302
1440123719, 4298
1440123725, 4310
1440123731, 4312
1440123737, 4311
1440123743, 4305
1440123749, 4306
1440123754, 4310
1440123761, 4303
1440123767, 4311
1440123773, 4306
1440123779, 4307
1440123785, 4306
1440123791, 4313
1440123797, 4314
1440123803, 4310
1440123809, 4304
1440123815, 4314
1440123821, 4317
1440123827, 4312
1440123833, 4318
1440123839, 4319
1440123845, 4329
1440123851, 4329
1440123857, 4327
1440123863, 4331
1440123869, 4336
1440123875, 4329
1440123881, 4334
1440123886, 4332
1440123893, 4330
1440123899, 4339
1440123905, 4341
1440123911, 4339
1440123917, 4342
1440123923, 4345
1440123929, 4350
1440123935, 4347
1440123941, 4343
1440123947, 4346
1440123953, 4349
1440123959, 4352
1440123965, 4349
1440123971, 4352
1440123977, 4355
1440123983, 4353
1440123989, 4352
1440123995, 4356
1440124000, 4361
1440124007, 4362
1440124013, 4357
1440124019, 4356
1440124025, 4361
1440124031, 4360
1440124037, 4363
1440124043, 4360
1440124049, 4366
1440124055, 4369
1440124061, 4365
1440124067, 4364
1440124073, 4362
1440124079, 4367
1440124085, 4374
1440124091, 4365
1440124097, 4373
1440124103, 4378
1440124108, 4378
1440124115, 4371
1440124121, 4381
1440124127, 4380
1440124133, 4384
1440124139, 4381
1440124145, 4382
1440124151, 4380
1440124157, 4386
1440124163, 4384
1440124169, 4389
1440124175, 4391
1440124181, 4400
1440124187, 4393
1440124193, 4400
1440124199, 4394
1440124205, 4393
1440124211, 4398
1440124217, 4396
1440124223, 4401
1440124229, 4392
1440124235, 4397
1440124241, 4398
1440124247, 4393
1440124253, 4398
1440124259, 4408
1440124265, 4407
1440124271, 4401
1440124277, 4405
1440124283, 4406
1440124289, 4400
1440124295, 4415
1440124301, 4409
1440124307, 4415
1440124313, 4412
1440124319, 4416
1440124325, 4413
1440124331, 4407
1440124336, 4408
1440124343, 4413
1440124349, 4415
1440124355, 4409
1440124361, 4416
1440124367, 4417
1440124373, 4414
1440124379, 4423
1440124385, 4422
1440124391, 4418
1440124396, 4417
1440124403, 4421
1440124409, 4422
1440124415, 4422
1440124421, 4419
1440124427, 4424
1440124433, 4427
1440124439, 4428
1440124445, 4425
1440124451, 4425
1440124457, 4429
1440124463, 4422
1440124469, 4430
1440124475, 4439
1440124481, 4434
1440124487, 4438
1440124493, 4435
1440124499, 4430
1440124505, 4436
1440124511, 4437
1440124517, 4437
1440124523, 4437
1440124529, 4433
1440124535, 4441
1440124541, 4435
1440124547, 4437
1440124553, 4441
1440124559, 4441
1440124565, 4442
1440124570, 4443
1440124577, 4441
1440124583, 4438
1440124589, 4443
1440124595, 4434
1440124601, 4437
1440124607, 4441
1440124612, 4437
1440124619, 4442
1440124625, 4447
1440124631, 4444
1440124637, 4445
1440124643, 4450
1440124649, 4450
1440124655, 4450
1440124661, 4457
1440124667, 4453
1440124673, 4459
1440124679, 4452
1440124685, 4457
1440124691, 4461
1440124697, 4456
1440124703, 4453
1440124709, 4463
1440124715, 4460
1440124721, 4459
1440124727, 4465
1440124733, 4457
1440124739, 4466
1440124745, 4469
1440124751, 4466
1440124757, 4467
1440124763, 4465
1440124769, 4466
1440124775, 4470
1440124781, 4472
1440124787, 4478
1440124793, 4480
1440124799, 4481
1440124805, 4483
1440124811, 4482
1440124817, 4477
1440124823, 4485
1440124829, 4480
1440124835, 4487
1440124841, 4492
1440124847, 4480
1440124853, 4489
1440124859, 4493
1440124865, 4484
1440124871, 4489
1440124877, 4491
1440124883, 4499
1440124889, 4492
1440124895, 4494
1440124901, 4499
1440124907, 4499
1440124913, 4504
1440124919, 4493
1440124925, 4503
1440124931, 4499
1440124937, 4504
1440124943, 4498
1440124949, 4500
1440124955, 4499
1440124961, 4499
1440124967, 4508
1440124973, 4506
1440124979, 4507
1440124985, 4510
1440124991, 4509
1440124997, 4511
1440125003, 4508
1440125009, 4509
1440125015, 4519
1440125021, 4511
1440125027, 4512
1440125033, 4511
1440125039, 4521
1440125045, 4518
1440125051, 4519
1440125057, 4518
1440125063, 4522
1440125069, 4520
1440125075, 4529
1440125081, 4523
1440125087, 4535
1440125093, 4533
1440125098, 4528
1440125105, 4532
1440125111, 4533
1440125117, 4537
1440125123, 4534
1440125129, 4531
1440125135, 4539
1440125141, 4538
1440125147, 4536
1440125153, 4542
1440125159, 4534
1440125165, 4541
1440125171, 4543
1440125176, 4546
1440125183, 4547
1440125189, 4544
1440125194, 4547
1440125201, 4541
1440125207, 4548
1440125213, 4545
1440125219, 4553
1440125225, 4547
1440125231, 4553
1440125237, 4558
1440125243, 4556
1440125249, 4554
1440125255, 4561
1440125261, 4560
1440125267, 4555
1440125273, 4558
1440125279, 4559
1440125285, 4562
1440125291, 4566
1440125296, 4564
1440125303, 4559
1440125309, 4566
1440125315, 4568
1440125321, 4565
1440125327, 4564
1440125333, 4561
1440125339, 4562
1440125345, 4564
1440125350, 4568
1440125357, 4568
1440125363, 4571
1440125369, 4567
1440125375, 4574
1440125381, 4575
1440125387, 4566
1440125393, 4575
1440125399, 4568
1440125405, 4578
1440125411, 4575
1440125417, 4580
1440125423, 4583
1440125429, 4580
1440125435, 4583
1440125441, 4590
1440125447, 4581
1440125453, 4579
1440125459, 4585
1440125465, 4583
1440125471, 4577
1440125477, 4586
1440125483, 4586
1440125489, 4585
1440125495, 4583
1440125501, 4586
1440125507, 4589
1440125513, 4591
1440125519, 4590
1440125534, 4597
1440125539, 4593
1440125545, 4590
1440125551, 4596
1440125557, 4590
1440125563, 4599
1440125569, 4600
1440125575, 4597
1440125581, 4598
1440125587, 4596
1440125593, 4598
1440125599, 4602
1440125605, 4596
1440125611, 4600
1440125617, 4596
1440125623, 4601
1440125629, 4604
1440125635, 4606
1440125641, 4601
1440125647, 4604
1440125653, 4606
1440125659, 4601
1440125665, 4605
1440125671, 4607
1440125677, 4613
1440125683, 4618
1440125689, 4610
1440125695, 4620
1440125701, 4613
1440125707, 4617
1440125713, 4620
1440125719, 4614
1440125725, 4622
1440125731, 4615
1440125737, 4615
1440125743, 4622
1440125749, 4615
1440125755, 4618
1440125761, 4622
1440125767, 4627
1440125773, 4621
1440125779, 4625
1440125785, 4627
1440125791, 4625
1440125797, 4630
1440125803, 4629
1440125809, 4628
1440125815, 4627
1440125821, 4624
1440125827, 4629
1440125833, 4623
1440125839, 4628
1440125845, 4628
1440125851, 4635
1440125857, 4631
1440125863, 4633
1440125869, 4636
1440125875, 4634
1440125881, 4635
1440125887, 4638
1440125893, 4636
1440125899, 4641
1440125905, 4640
1440125911, 4641
1440125917, 4646
1440125923, 4643
1440125929, 4641
1440125935, 4646
1440125941, 4648
1440125947, 4648
1440125953, 4642
1440125959, 4645
1440125965, 4651
1440125971, 4649
1440125977, 4650
1440125983, 4647
1440125989, 4649
1440125995, 4650
1440126001, 4648
1440126007, 4645
1440126013, 4647
1440126019, 4653
1440126025, 4648
1440126031, 4649
1440126037, 4651
1440126043, 4647
1440126048, 4652
1440126055, 4650
1440126061, 4649
1440126067, 4654
1440126073, 4649
1440126079, 4656
1440126085, 4664
1440126091, 4655
1440126097, 4662
1440126103, 4659
1440126109, 4659
1440126115, 4663
1440126121, 4663
1440126127, 4661
1440126133, 4660
1440126139, 4657
1440126145, 4662
1440126151, 4665
1440126157, 4660
1440126163, 4656
1440126169, 4659
1440126175, 4662
1440126181, 4671
1440126187, 4673
1440126193, 4667
1440126199, 4669
1440126205, 4668
1440126211, 4673
1440126217, 4671
1440126223, 4669
1440126229, 4671
1440126235, 4674
1440126240, 4676
1440126247, 4681
1440126253, 4674
1440126259, 4686
1440126265, 4677
1440126271, 4682
1440126276, 4687
1440126283, 4679
1440126289, 4685
1440126295, 4684
1440126301, 4690
1440126307, 4689
1440126313, 4688
1440126319, 4690
1440126325, 4686
1440126331, 4688
1440126336, 4698
1440126343, 4698
1440126349, 4698
1440126355, 4701
1440126361, 4697
1440126367, 4703
1440126373, 4706
1440126379, 4706
1440126385, 4703
1440126391, 4703
1440126397, 4703
1440126403, 4702
1440126408, 4706
1440126415, 4706
1440126421, 4707
1440126427, 4703
1440126433, 4706
1440126439, 4702
1440126445, 4710
1440126451, 4705
1440126457, 4711
1440126463, 4714
1440126469, 4710
1440126475, 4710
1440126481, 4714
1440126487, 4709
1440126493, 4710
1440126499, 4711
1440126505, 4711
1440126511, 4712
1440126517, 4713
1440126523, 4518
1440126529, 4522
1440126535, 4525
1440126541, 4518
1440126547, 4522
1440126553, 4527
1440126559, 4525
1440126565, 4526
1440126571, 4520
1440126577, 4535
1440126583, 4532
1440126589, 4533
1440126595, 4535
1440126601, 4528
1440126607, 4530
1440126612, 4540
1440126619, 4531
1440126625, 4530
1440126631, 4539
1440126637, 4540
1440126643, 4542
1440126649, 4538
1440126655, 4531
1440126661, 4536
1440126667, 4542
1440126673, 4543
1440126679, 4541
1440126685, 4537
1440126691, 4538
1440126697, 4541
1440126703, 4541
1440126709, 4541
1440126715, 4545
1440126721, 4536
1440126727, 4544
1440126733, 4539
1440126739, 4542
1440126744, 4543
1440126751, 4542
1440126756, 4543
1440126763, 4545
1440126769, 4544
1440126775, 4543
1440126781, 4549
1440126787, 4546
1440126793, 4551
1440126799, 4537
1440126805, 4544
1440126811, 4544
1440126817, 4547
1440126823, 4546
1440126829, 4546
1440126835, 4550
1440126841, 4541
1440126847, 4548
1440126853, 4541
1440126859, 4545
1440126865, 4537
1440126871, 4534
1440126877, 4546
1440126883, 4542
1440126889, 4538
1440126895, 4540
1440126901, 4539
1440126907, 4536
1440126913, 4539
1440126919, 4547
1440126925, 4549
1440126931, 4542
1440126937, 4542
1440126943, 4540
1440126949, 4551
1440126955, 4555
1440126961, 4559
1440126967, 4551
1440126973, 4552
1440126979, 4550
1440126985, 4557
1440126991, 4556
1440126997, 4556
1440127003, 4557
1440127009, 4558
1440127015, 4566
1440127021, 4561
1440127027, 4557
1440127033, 4565
1440127039, 4563
1440127045, 4560
1440127051, 4560
1440127057, 4562
1440127063, 4561
1440127069, 4561
1440127075, 4569
1440127081, 4562
1440127087, 4567
1440127093, 4564
1440127099, 4563
1440127105, 4563
1440127111, 4559
1440127117, 4560
1440127123, 4559
1440127129, 4554
1440127135, 4557
1440127141, 4563
1440127147, 4569
1440127153, 4563
1440127159, 4571
1440127165, 4572
1440127171, 4572
1440127177, 4574
1440127183, 4571
1440127189, 4572
1440127195, 4569
1440127201, 4566
1440127207, 4576
1440127213, 4573
1440127219, 4569
1440127225, 4574
1440127231, 4574
1440127237, 4578
1440127243, 4570
1440127249, 4581
1440127255, 4577
1440127261, 4577
1440127267, 4568
1440127273, 4572
1440127279, 4573
1440127285, 4573
1440127291, 4579
1440127297, 4573
1440127303, 4579
1440127309, 4576
1440127315, 4580
1440127321, 4579
1440127327, 4578
1440127333, 4576
1440127339, 4587
1440127345, 4583
1440127351, 4583
1440127357, 4591
1440127363, 4587
1440127369, 4580
1440127375, 4595
1440127381, 4596
1440127387, 4587
1440127393, 4590
1440127399, 4591
1440127405, 4587
1440127411, 4589
1440127417, 4598
1440127423, 4597
1440127429, 4589
1440127435, 4591
1440127441, 4600
1440127447, 4596
1440127453, 4595
1440127459, 4600
1440127465, 4595
1440127471, 4591
1440127477, 4590
1440127483, 4589
1440127489, 4589
1440127495, 4590
1440127501, 4595
1440127507, 4593
1440127513, 4590
1440127519, 4598
1440127525, 4604
1440127531, 4595
1440127537, 4600
1440127543, 4595
1440127549, 4603
1440127555, 4604
1440127561, 4600
1440127567, 4595
1440127573, 4608
1440127579, 4602
1440127585, 4602
1440127591, 4602
1440127597, 4596
1440127603, 4608
1440127609, 4594
1440127615, 4604
1440127621, 4600
1440127627, 4604
1440127633, 4614
1440127639, 4609
1440127645, 4609
1440127651, 4608
1440127657, 4604
1440127663, 4611
1440127669, 4610
1440127675, 4606
1440127681, 4616
1440127687, 4617
1440127693, 4618
1440127699, 4616
1440127705, 4616
1440127711, 4617
1440127717, 4614
1440127723, 4612
1440127729, 4619
1440127735, 4623
1440127741, 4618
1440127747, 4621
1440127753, 4622
1440127759, 4626
1440127765, 4620
1440127771, 4620
1440127777, 4629
1440127783, 4632
1440127789, 4626
1440127795, 4623
1440127801, 4627
1440127807, 4626
1440127813, 4633
1440127819, 4629
1440127825, 4623
1440127831, 4632
1440127837, 4623
1440127843, 4625
1440127849, 4622
1440127855, 4633
1440127861, 4629
1440127867, 4631
1440127873, 4635
1440127879, 4632
1440127885, 4633
1440127891, 4625
1440127897, 4640
1440127903, 4636
1440127909, 4638
1440127915, 4638
1440127921, 4634
1440127927, 4634
1440127933, 4633
1440127939, 4638
1440127945, 4638
1440127951, 4641
1440127957, 4636
1440127963, 4638
1440127969, 4633
1440127975, 4643
1440127981, 4634
1440127987, 4637
1440127993, 4633
1440127999, 4631
1440128005, 4630
1440128011, 4634
1440128017, 4634
1440128023, 4640
1440128029, 4642
1440128035, 4636
1440128041, 4641
1440128047, 4641
1440128053, 4643
1440128059, 4640
1440128065, 4639
1440128071, 4639
1440128077, 4645
1440128083, 4651
1440128089, 4648
1440128095, 4654
1440128101, 4645
1440128107, 4649
1440128112, 4645
1440128119, 4646
1440128125, 4649
1440128131, 4656
1440128137, 4652
1440128143, 4648
1440128149, 4659
1440128155, 4653
1440128161, 4656
1440128167, 4648
1440128173, 4663
1440128184, 4653
1440128190, 4662
1440128195, 4649
1440128201, 4657
1440128207, 4658
1440128213, 4661
1440128219, 4652
1440128225, 4661
1440128232, 4658
1440128237, 4660
1440128243, 4658
1440128249, 4659
1440128255, 4657
1440128261, 4660
1440128268, 4654
1440128273, 4659
1440128279, 4662
1440128285, 4657
1440128291, 4658
1440128297, 4659
1440128303, 4658
1440128309, 4661
1440128315, 4661
1440128321, 4662
1440128328, 4658
1440128333, 4657
1440128339, 4665
1440128346, 4666
1440128352, 4660
1440128357, 4660
1440128364, 4659
1440128369, 4662
1440128375, 4660
1440128382, 4660
1440128388, 4665
1440128393, 4655
1440128399, 4662
1440128405, 4658
1440128412, 4662
1440128418, 4668
1440128424, 4666
1440128429, 4661
1440128435, 4666
1440128441, 4666
1440128447, 4667
1440128454, 4669
1440128459, 4662
1440128466, 4668
1440128471, 4669
1440128477, 4669
1440128483, 4671
1440128489, 4668
1440128495, 4672
1440128502, 4669
1440128507, 4663
1440128513, 4666
1440128519, 4665
1440128526, 4668
1440128531, 4669
1440128537, 4664
1440128544, 4666
1440128549, 4659
1440128556, 4660
1440128561, 4660
1440128568, 4664
1440128574, 4662
1440128579, 4665
1440128585, 4669
1440128591, 4656
1440128597, 4667
1440128603, 4664
1440128609, 4659
1440128615, 4664
1440128621, 4673
1440128628, 4673
1440128634, 4669
1440128639, 4666
1440128645, 4672
1440128651, 4665
1440128657, 4663
1440128663, 4662
1440128669, 4664
1440128675, 4667
1440128681, 4669
1440128687, 4669
1440128693, 4666
1440128699, 4672
1440128706, 4669
1440128711, 4668
1440128717, 4668
1440128723, 4669
1440128729, 4666
1440128735, 4674
1440128742, 4675
1440128747, 4675
1440128754, 4670
1440128763, 4676
1440128769, 4673
1440128775, 4678
1440128781, 4670
1440128787, 4677
1440128793, 4676
1440128799, 4675
1440128804, 4671
1440128811, 4680
1440128817, 4681
1440128823, 4675
1440128829, 4674
1440128835, 4672
1440128841, 4678
1440128847, 4672
1440128853, 4675
1440128859, 4676
1440128865, 4678
1440128871, 4683
1440128876, 4677
1440128883, 4677
1440128889, 4683
1440128895, 4683
1440128901, 4680
1440128907, 4677
1440128913, 4681
1440128919, 4679
1440128925, 4671
1440128931, 4669
1440128937, 4674
1440128943, 4676
1440128949, 4679
1440128955, 4681
1440128961, 4686
1440128967, 4683
1440128973, 4677
1440128980, 4682
1440128985, 4679
1440128991, 4682
1440128997, 4678
1440129003, 4684
1440129009, 4688
1440129015, 4685
1440129021, 4684
1440129027, 4677
1440129033, 4683
1440129039, 4686
1440129045, 4687
1440129051, 4675
1440129057, 4682
1440129063, 4689
1440129069, 4684
1440129075, 4678
1440129081, 4686
1440129087, 4687
1440129093, 4677
1440129099, 4683
1440129105, 4686
1440129111, 4687
1440129117, 4687
1440129123, 4679
1440129129, 4685
1440129135, 4689
1440129141, 4690
1440129147, 4686
1440129153, 4688
1440129159, 4689
1440129165, 4687
1440129171, 4687
1440129177, 4687
1440129183, 4688
1440129189, 4691
1440129195, 4697
1440129201, 4696
1440129206, 4692
1440129213, 4693
1440129219, 4691
1440129225, 4697
1440129231, 4687
1440129237, 4699
1440129243, 4694
1440129249, 4695
1440129255, 4696
1440129261, 4697
1440129267, 4696
1440129273, 4700
1440129279, 4704
1440129285, 4702
1440129291, 4707
1440129297, 4700
1440129303, 4703
1440129309, 4702
1440129315, 4705
1440129321, 4704
1440129327, 4710
1440129333, 4711
1440129339, 4707
1440129345, 4710
1440129351, 4701
1440129357, 4713
1440129363, 4707
1440129369, 4702
1440129374, 4711
1440129381, 4707
1440129387, 4706
1440129392, 4704
1440129399, 4710
1440129405, 4716
1440129411, 4707
1440129417, 4711
1440129423, 4710
1440129429, 4707
1440129435, 4711
1440129441, 4705
1440129447, 4718
1440129453, 4712
1440129459, 4719
1440129465, 4711
1440129471, 4716
1440129477, 4706
1440129483, 4723
1440129489, 4718
1440129495, 4713
1440129501, 4717
1440129507, 4713
1440129513, 4716
1440129519, 4713
1440129524, 4716
1440129531, 4716
1440129537, 4719
1440129543, 4714
1440129549, 4722
1440129555, 4716
1440129561, 4713
1440129567, 4711
1440129573, 4715
1440129579, 4722
1440129585, 4719
1440129591, 4721
1440129597, 4719
1440129603, 4723
1440129609, 4715
1440129615, 4722
1440129621, 4724
1440129627, 4721
1440129633, 4719
1440129639, 4719
1440129645, 4720
1440129651, 4727
1440129657, 4727
1440129663, 4730
1440129669, 4728
1440129675, 4719
1440129681, 4722
1440129687, 4721
1440129693, 4728
1440129699, 4724
1440129705, 4726
1440129711, 4724
1440129717, 4730
1440129723, 4727
1440129729, 4730
1440129735, 4722
1440129741, 4731
1440129747, 4725
1440129753, 4719
1440129759, 4729
1440129765, 4723
1440129771, 4728
1440129777, 4726
1440129783, 4724
1440129789, 4733
1440129795, 4729
1440129801, 4727
1440129807, 4727
1440129813, 4731
1440129819, 4721
1440129825, 4735
1440129831, 4737
1440129837, 4739
1440129843, 4730
1440129849, 4734
1440129855, 4730
1440129861, 4728
1440129867, 4729
1440129873, 4730
1440129879, 4732
1440129885, 4734
1440129891, 4733
1440129897, 4735
1440129903, 4730
1440129909, 4734
1440129915, 4735
1440129921, 4733
1440129927, 4731
1440129933, 4736
1440129939, 4741
1440129945, 4736
1440129951, 4735
1440129957, 4733
1440129963, 4738
1440129969, 4735
1440129975, 4734
1440129981, 4735
1440129987, 4741
1440129993, 4742
1440129999, 4738
1440130005, 4742
1440130011, 4741
1440130017, 4744
1440130023, 4735
1440130029, 4739
1440130035, 4747
1440130041, 4745
1440130047, 4740
1440130053, 4748
1440130059, 4748
1440130065, 4746
1440130071, 4745
1440130077, 4744
1440130083, 4743
1440130089, 4745
1440130095, 4739
1440130101, 4744
1440130107, 4745
1440130113, 4746
1440130119, 4744
1440130125, 4747
1440130131, 4746
1440130137, 4751
1440130143, 4740
1440130149, 4748
1440130155, 4748
1440130161, 4743
1440130167, 4750
1440130173, 4755
1440130179, 4746
1440130185, 4759
1440130191, 4759
1440130197, 4754
1440130203, 4761
1440130209, 4756
1440130215, 4745
1440130221, 4750
1440130227, 4751
1440130233, 4751
1440130239, 4746
1440130245, 4755
1440130251, 4749
1440130257, 4753
1440130263, 4750
1440130269, 4758
1440130275, 4757
1440130281, 4755
1440130287, 4751
1440130293, 4753
1440130299, 4752
1440130305, 4760
1440130311, 4754
1440130317, 4755
1440130323, 4758
1440130329, 4763
1440130335, 4757
1440130341, 4765
1440130347, 4764
1440130353, 4758
1440130359, 4757
1440130365, 4763
1440130371, 4764
1440130377, 4753
1440130383, 4763
1440130389, 4763
1440130395, 4755
1440130401, 4757
1440130407, 4757
1440130413, 4756
1440130419, 4759
1440130425, 4758
1440130431, 4756
1440130437, 4765
1440130443, 4761
1440130449, 4765
1440130455, 4764
1440130461, 4758
1440130467, 4761
1440130473, 4756
1440130479, 4765
1440130485, 4771
1440130491, 4766
1440130497, 4766
1440130503, 4762
1440130509, 4770
1440130515, 4773
1440130521, 4762
1440130527, 4775
1440130533, 4771
1440130539, 4774
1440130546, 4772
1440130552, 4776
1440130557, 4770
1440130563, 4776
1440130569, 4770
1440130575, 4773
1440130581, 4768
1440130587, 4767
1440130593, 4773
1440130599, 4774
1440130605, 4768
1440130611, 4775
1440130617, 4776
1440130623, 4778
1440130629, 4776
1440130635, 4775
1440130641, 4776
1440130647, 4771
1440130653, 4771
1440130659, 4778
1440130666, 4773
1440130672, 4775
1440130677, 4773
1440130683, 4775
1440130689, 4779
1440130695, 4780
1440130702, 4773
1440130707, 4776
1440130713, 4783
1440130720, 4783
1440130725, 4778
1440130731, 4777
1440130737, 4781
1440130743, 4780
1440130749, 4776
1440130755, 4780
1440130761, 4777
1440130767, 4778
1440130774, 4779
1440130780, 4774
1440130786, 4779
1440130791, 4776
1440130797, 4782
1440130803, 4780
1440130809, 4772
1440130815, 4776
1440130822, 4777
1440130828, 4782
1440130833, 4782
1440130839, 4788
1440130845, 4776
1440130851, 4783
1440130857, 4777
1440130864, 4780
1440130869, 4777
1440130875, 4784
1440130881, 4782
1440130887, 4783
1440130894, 4782
1440130900, 4784
1440130905, 4785
1440130911, 4792
1440130917, 4788
1440130924, 4787
1440130929, 4789
1440130935, 4792
1440130941, 4791
1440130947, 4792
1440130954, 4786
1440130959, 4795
1440130965, 4788
1440130971, 4796
1440130977, 4790
1440130984, 4797
1440130989, 4788
1440130995, 4793
1440131001, 4791
1440131007, 4792
1440131013, 4797
1440131019, 4789
1440131025, 4801
1440131031, 4791
1440131037, 4789
1440131044, 4792
1440131050, 4795
1440131055, 4801
1440131061, 4797
1440131067, 4789
1440131076, 4796
1440131081, 4798
1440131087, 4794
1440131093, 4794
1440131099, 4797
1440131105, 4789
1440131111, 4798
1440131117, 4802
1440131123, 4787
1440131129, 4798
1440131134, 4802
1440131141, 4798
1440131147, 4789
1440131153, 4795
1440131159, 4796
1440131165, 4796
1440131171, 4789
1440131177, 4787
1440131183, 4789
1440131189, 4800
1440131195, 4794
1440131201, 4799
1440131207, 4800
1440131213, 4798
1440131219, 4791
1440131225, 4794
1440131231, 4797
1440131237, 4795
1440131243, 4796
1440131249, 4798
1440131255, 4800
1440131261, 4793
1440131267, 4795
1440131273, 4792
1440131279, 4801
1440131285, 4790
1440131291, 4790
1440131297, 4795
1440131303, 4794
1440131309, 4791
1440131315, 4797
1440131321, 4797
1440131327, 4796
1440131333, 4792
1440131339, 4785
1440131345, 4788
1440131351, 4791
1440131357, 4802
1440131363, 4791
1440131368, 4802
1440131375, 4794
1440131381, 4798
1440131387, 4801
1440131393, 4788
1440131399, 4801
1440131405, 4787
1440131411, 4791
1440131417, 4792
1440131423, 4785
1440131429, 4790
1440131435, 4785
1440131441, 4788
1440131447, 4790
1440131453, 4783
1440131458, 4789
1440131465, 4789
1440131471, 4791
1440131477, 4790
1440131483, 4791
1440131489, 4795
1440131495, 4785
1440131501, 4793
1440131507, 4790
1440131513, 4790
1440131519, 4786
1440131525, 4787
1440131531, 4793
1440131537, 4791
1440131543, 4789
1440131549, 4794
1440131555, 4789
1440131561, 4791
1440131567, 4793
1440131573, 4791
1440131579, 4789
1440131585, 4785
1440131591, 4796
1440131597, 4792
1440131603, 4793
1440131609, 4794
1440131614, 4794
1440131621, 4793
1440131626, 4799
1440131633, 4792
1440131639, 4801
1440131645, 4795
1440131651, 4793
1440131657, 4799
1440131663, 4800
1440131669, 4792
1440131675, 4800
1440131681, 4795
1440131687, 4796
1440131693, 4788
1440131699, 4790
1440131705, 4797
1440131711, 4795
1440131717, 4793
1440131723, 4791
1440131729, 4789
1440131735, 4791
1440131741, 4791
1440131747, 4794
1440131753, 4795
1440131759, 4794
1440131765, 4789
1440131771, 4794
1440131777, 4785
1440131783, 4797
1440131789, 4793
1440131795, 4795
1440131801, 4794
1440131807, 4798
1440131813, 4794
1440131819, 4793
1440131825, 4795
1440131831, 4792
1440131837, 4800
1440131843, 4798
1440131849, 4795
1440131855, 4795
1440131861, 4799
1440131867, 4801
1440131873, 4794
1440131879, 4793
1440131885, 4795
1440131891, 4793
1440131897, 4794
1440131903, 4800
1440131909, 4794
1440131915, 4793
1440131921, 4792
1440131927, 4797
1440131933, 4796
1440131939, 4794
1440131945, 4790
1440131951, 4786
1440131957, 4796
1440131963, 4795
1440131969, 4787
1440131975, 4793
1440131981, 4794
1440131987, 4791
1440131993, 4799
1440131999, 4794
1440132004, 4791
1440132011, 4801
1440132017, 4799
1440132023, 4801
1440132029, 4801
1440132035, 4795
1440132041, 4797
1440132047, 4800
1440132053, 4796
1440132059, 4801
1440132065, 4802
1440132071, 4798
1440132077, 4800
1440132083, 4807
1440132089, 4804
1440132094, 4803
1440132101, 4792
1440132106, 4796
1440132113, 4795
1440132119, 4797
1440132125, 4799
1440132131, 4796
1440132137, 4801
1440132143, 4805
1440132149, 4804
1440132155, 4799
1440132161, 4810
1440132167, 4803
1440132173, 4803
1440132179, 4799
1440132185, 4807
1440132191, 4806
1440132197, 4812
1440132203, 4803
1440132209, 4807
1440132215, 4804
1440132221, 4812
1440132229, 4812
1440132235, 4806
1440132241, 4810
1440132247, 4808
1440132253, 4813
1440132259, 4812
1440132265, 4806
1440132271, 4814
1440132277, 4813
1440132283, 4809
1440132289, 4812
1440132295, 4808
1440132301, 4815
1440132307, 4810
1440132313, 4812
1440132319, 4812
1440132325, 4813
1440132331, 4816
1440132337, 4811
1440132343, 4822
1440132349, 4815
1440132355, 4821
1440132361, 4817
1440132367, 4813
1440132373, 4817
1440132379, 4811
1440132385, 4817
1440132391, 4822
1440132397, 4815
1440132403, 4820
1440132409, 4818
1440132415, 4818
1440132421, 4822
1440132427, 4820
1440132433, 4817
1440132439, 4823
1440132445, 4820
1440132451, 4822
1440132457, 4821
1440132463, 4821
1440132469, 4822
1440132475, 4816
1440132481, 4816
1440132487, 4813
1440132493, 4821
1440132499, 4820
1440132505, 4821
1440132511, 4816
1440132517, 4814
1440132523, 4822
1440132529, 4823
1440132535, 4823
1440132541, 4825
1440132547, 4824
1440132553, 4817
1440132559, 4825
1440132565, 4818
1440132571, 4821
1440132577, 4815
1440132583, 4819
1440132589, 4820
1440132595, 4820
1440132601, 4828
1440132607, 4825
1440132613, 4821
1440132619, 4826
1440132625, 4826
1440132631, 4821
1440132637, 4823
1440132643, 4818
1440132649, 4823
1440132655, 4823
1440132661, 4827
1440132667, 4833
1440132673, 4826
1440132679, 4824
1440132685, 4829
1440132691, 4824
1440132697, 4829
1440132703, 4825
1440132709, 4832
1440132715, 4826
1440132721, 4826
1440132727, 4824
1440132733, 4829
1440132739, 4830
1440132745, 4824
1440132751, 4822
1440132757, 4831
1440132763, 4826
1440132769, 4826
1440132775, 4827
1440132781, 4825
1440132787, 4833
1440132793, 4832
1440132799, 4827
1440132805, 4827
1440132811, 4832
1440132817, 4829
1440132823, 4834
1440132829, 4827
1440132835, 4829
1440132841, 4829
1440132847, 4835
1440132853, 4830
1440132859, 4837
1440132866, 4835
1440132871, 4834
1440132877, 4835
1440132883, 4833
1440132889, 4838
1440132895, 4836
1440132901, 4833
1440132907, 4837
1440132913, 4840
1440132919, 4840
1440132925, 4841
1440132931, 4830
1440132937, 4839
1440132943, 4837
1440132949, 4839
1440132955, 4838
1440132961, 4844
1440132967, 4838
1440132973, 4839
1440132979, 4833
1440132986, 4837
1440132991, 4843
1440132997, 4839
1440133003, 4837
1440133009, 4844
1440133015, 4836
1440133021, 4831
1440133027, 4830
1440133033, 4837
1440133039, 4843
1440133045, 4833
1440133051, 4837
1440133058, 4837
1440133063, 4833
1440133069, 4835
1440133075, 4840
1440133081, 4834
1440133087, 4836
1440133093, 4845
1440133099, 4837
1440133105, 4829
1440133111, 4837
1440133117, 4841
1440133123, 4837
1440133129, 4834
1440133135, 4841
1440133141, 4835
1440133147, 4836
1440133153, 4839
1440133159, 4835
1440133165, 4833
1440133171, 4841
1440133177, 4831
