1438209519, 5
1438209526, 6
1438209531, 7
1438209538, 6
1438209544, 7
1438209549, 7
1438209555, 7
1438209561, 6
1438209567, 7
1438209574, 7
1438209580, 6
1438209585, 7
1438209592, 6
1438209598, 7
1438209604, 8
1438209609, 7
1438209615, 8
1438209622, 8
1438209628, 8
1438209633, 8
1438209639, 8
1438209645, 7
1438209651, 7
1438209658, 8
1438209664, 8
1438209670, 7
1438209675, 7
1438209682, 8
1438209687, 8
1438209694, 8
1438209700, 8
1438209705, 7
1438209712, 8
1438209718, 7
1438209724, 8
1438209730, 9
1438209735, 8
1438209741, 8
1438209748, 9
1438209753, 9
1438209760, 8
1438209766, 9
1438209772, 9
1438209777, 9
1438209784, 9
1438209790, 8
1438209796, 9
1438209801, 9
1438209808, 9
1438209814, 9
1438209819, 9
1438209825, 9
1438209832, 9
1438209838, 9
1438209844, 9
1438209850, 8
1438209855, 9
1438209861, 8
1438209867, 9
1438209874, 9
1438209879, 9
1438209885, 9
1438209891, 10
1438209898, 9
1438209904, 10
1438209909, 9
1438209915, 9
1438209922, 10
1438209928, 10
1438209933, 9
1438209939, 10
1438209945, 10
1438209951, 9
1438209958, 10
1438209963, 10
1438209973, 10
1438209978, 9
1438209984, 9
1438209990, 9
1438209996, 10
1438210002, 10
1438210008, 9
1438210014, 10
1438210020, 10
1438210026, 10
1438210032, 10
1438210038, 10
1438210045, 10
1438210051, 9
1438210057, 10
1438210063, 10
1438210069, 10
1438210075, 10
1438210081, 10
1438210087, 10
1438210093, 10
1438210099, 9
1438210105, 10
1438210111, 10
1438210117, 9
1438210123, 10
1438210129, 10
1438210135, 10
1438210141, 10
1438210147, 10
1438210160, 10
1438210166, 10
