1438805958, 25
1438805964, 26
1438805970, 27
1438805977, 26
1438805982, 27
1438805988, 29
1438805994, 29
1438806000, 30
1438806006, 31
1438806012, 35
1438806018, 34
1438806024, 34
1438806030, 37
1438806036, 40
1438806042, 42
1438806048, 42
1438806054, 40
1438806060, 43
1438806067, 50
1438806072, 51
1438806078, 52
1438806084, 54
1438806090, 59
1438806096, 61
1438806102, 65
1438806108, 69
1438806115, 73
1438806120, 74
1438806127, 76
1438806132, 78
1438806138, 82
1438806144, 82
1438806150, 84
1438806156, 86
1438806162, 89
1438806169, 89
1438806175, 91
1438806180, 94
1438806187, 96
1438806193, 104
1438806199, 106
1438806205, 103
1438806211, 107
1438806216, 107
1438806223, 109
1438806229, 114
1438806234, 115
1438806241, 112
1438806247, 116
1438806253, 120
1438806259, 120
1438806265, 122
1438806270, 125
1438806277, 129
1438806283, 134
1438806289, 134
1438806295, 133
1438806301, 137
1438806307, 135
1438806312, 140
1438806319, 142
1438806325, 143
1438806331, 147
1438806337, 144
1438806343, 149
1438806349, 150
1438806355, 152
1438806361, 154
1438806367, 154
1438806373, 155
1438806379, 155
1438806385, 156
1438806391, 160
1438806397, 162
1438806403, 167
1438806409, 165
1438806415, 170
1438806421, 175
1438806427, 176
1438806433, 179
1438806439, 179
1438806445, 181
1438806451, 186
1438806457, 189
1438806463, 190
1438806469, 193
1438806475, 196
1438806481, 197
1438806487, 195
1438806493, 193
1438806499, 199
1438806505, 200
1438806511, 204
1438806517, 202
1438806523, 202
1438806529, 208
1438806535, 206
1438806541, 208
1438806547, 209
1438806553, 210
1438806559, 210
1438806565, 213
1438806571, 214
1438806577, 217
1438806583, 222
1438806589, 229
1438806595, 229
1438806601, 236
1438806607, 242
1438806613, 241
1438806619, 243
1438806626, 244
1438806631, 250
1438806637, 253
1438806643, 259
1438806649, 264
1438806655, 260
1438806661, 267
1438806667, 267
1438806673, 269
1438806679, 268
1438806685, 273
1438806691, 274
1438806700, 278
1438806706, 282
1438806712, 280
1438806718, 287
1438806724, 294
1438806730, 290
1438806736, 296
1438806742, 302
1438806748, 301
1438806754, 300
1438806760, 306
1438806766, 310
1438806772, 314
1438806778, 314
1438806784, 315
1438806790, 319
1438806796, 322
1438806802, 327
1438806808, 328
1438806814, 329
1438806820, 329
1438806826, 331
1438806832, 331
1438806838, 332
1438806844, 338
1438806850, 343
1438806857, 350
1438806862, 352
1438806868, 351
1438806874, 354
1438806880, 361
1438806886, 365
1438806892, 363
1438806898, 363
1438806904, 367
1438806910, 368
1438806916, 373
1438806922, 368
1438806928, 379
1438806934, 380
1438806940, 378
1438806946, 381
1438806952, 388
1438806958, 389
1438806964, 384
1438806970, 386
1438806976, 392
1438806982, 393
1438806988, 397
1438806994, 396
1438807000, 397
1438807006, 404
1438807012, 402
1438807018, 406
1438807024, 412
1438807030, 418
1438807036, 418
1438807042, 422
1438807048, 422
1438807054, 427
1438807060, 427
1438807066, 433
1438807072, 439
1438807078, 432
1438807084, 441
1438807090, 440
1438807096, 448
1438807102, 454
1438807108, 460
1438807114, 461
1438807120, 460
1438807126, 463
1438807132, 465
1438807139, 471
1438807144, 474
1438807150, 482
1438807156, 488
1438807162, 489
1438807168, 492
1438807174, 500
1438807180, 503
1438807186, 507
1438807192, 511
1438807198, 519
1438807204, 516
1438807210, 519
1438807216, 520
1438807223, 522
1438807228, 525
1438807234, 525
1438807241, 525
1438807246, 527
1438807252, 521
1438807258, 529
1438807264, 533
1438807270, 533
1438807277, 535
1438807282, 535
1438807288, 537
1438807294, 538
1438807300, 542
1438807306, 545
1438807312, 550
1438807318, 552
1438807324, 554
1438807330, 555
1438807336, 564
1438807342, 566
1438807348, 575
1438807354, 574
1438807361, 576
1438807366, 580
1438807372, 584
1438807378, 584
1438807384, 586
1438807390, 595
1438807396, 597
1438807402, 599
1438807408, 611
1438807414, 610
1438807420, 616
1438807426, 618
1438807433, 613
1438807439, 619
1438807444, 620
1438807450, 614
1438807456, 613
1438807462, 615
1438807468, 618
1438807474, 620
1438807480, 623
1438807486, 621
1438807492, 619
1438807498, 622
1438807504, 627
1438807510, 629
1438807516, 633
1438807522, 628
1438807528, 627
1438807534, 628
1438807540, 633
1438807546, 636
1438807552, 640
1438807558, 642
1438807564, 642
1438807570, 649
1438807576, 654
1438807582, 658
1438807588, 658
1438807595, 666
1438807600, 663
1438807607, 666
1438807612, 670
1438807618, 671
1438807624, 675
1438807630, 676
1438807637, 686
1438807642, 689
1438807648, 694
1438807654, 694
1438807660, 697
1438807666, 698
1438807672, 704
1438807678, 707
1438807684, 707
1438807690, 711
1438807702, 712
1438807707, 717
1438807713, 717
1438807719, 719
1438807725, 714
1438807738, 723
1438807744, 726
1438807750, 731
1438807756, 732
1438807761, 740
1438807768, 740
1438807774, 746
1438807779, 750
1438807786, 744
1438807791, 749
1438807798, 754
1438807804, 757
1438807810, 763
1438807815, 765
1438807822, 770
1438807827, 767
1438807833, 765
1438807840, 766
1438807845, 770
1438807852, 775
1438807857, 784
1438807864, 788
1438807870, 786
1438807876, 796
1438807882, 799
1438807887, 805
1438807893, 809
1438807900, 809
1438807905, 815
1438807911, 814
1438807917, 814
1438807924, 812
1438807929, 818
1438807936, 824
1438807941, 827
1438807948, 832
1438807954, 836
1438807960, 836
1438807965, 836
1438807972, 836
1438807978, 841
1438807983, 842
1438807989, 846
1438807996, 844
1438808002, 843
1438808008, 844
1438808014, 848
1438808019, 847
1438808026, 853
1438808032, 853
1438808038, 856
1438808043, 853
1438808050, 859
1438808055, 863
1438808061, 867
1438808068, 868
1438808074, 865
1438808080, 866
1438808085, 869
1438808092, 865
1438808097, 870
1438808103, 873
1438808110, 876
1438808115, 875
1438808122, 877
1438808128, 876
1438808134, 884
1438808140, 878
1438808146, 880
1438808152, 885
1438808158, 885
1438808163, 890
1438808170, 896
1438808175, 899
1438808182, 897
1438808188, 897
1438808194, 899
1438808200, 899
1438808205, 906
1438808212, 906
1438808218, 910
1438808223, 910
1438808230, 914
1438808236, 921
1438808242, 918
1438808248, 919
1438808254, 921
1438808260, 924
1438808265, 927
1438808271, 929
1438808278, 936
1438808284, 937
1438808290, 942
1438808296, 947
1438808302, 947
1438808308, 952
1438808314, 949
1438808320, 952
1438808325, 951
1438808332, 959
1438808338, 955
1438808343, 962
1438808349, 964
1438808356, 965
1438808362, 967
1438808368, 968
1438808373, 965
1438808380, 965
1438808386, 972
1438808392, 974
1438808398, 978
1438808403, 979
1438808409, 982
1438808416, 977
1438808422, 979
1438808428, 981
1438808433, 981
1438808440, 987
1438808446, 994
1438808451, 993
1438808464, 1001
1438808470, 1006
1438808475, 1001
1438808482, 1008
1438808487, 1005
1438808493, 1008
1438808499, 1010
1438808505, 1009
1438808511, 1019
1438808517, 1019
1438808523, 1019
1438808529, 1018
1438808535, 1024
1438808541, 1028
1438808547, 1028
1438808553, 1032
1438808559, 1034
1438808565, 1030
1438808571, 1031
1438808577, 1028
1438808583, 1033
1438808589, 1032
1438808595, 1026
1438808601, 1029
1438808607, 1033
1438808613, 1035
1438808619, 1047
1438808625, 1050
1438808631, 1053
1438808637, 1061
1438808643, 1061
1438808649, 1061
1438808655, 1064
1438808661, 1069
1438808667, 1071
1438808673, 1073
1438808679, 1079
1438808685, 1080
1438808691, 1080
1438808697, 1080
1438808703, 1080
1438808709, 1084
1438808715, 1085
1438808721, 1084
1438808727, 1089
1438808733, 1087
1438808739, 1087
1438808745, 1088
1438808752, 1095
1438808757, 1091
1438808763, 1100
1438808769, 1102
1438808775, 1107
1438808781, 1104
1438808787, 1108
1438808793, 1110
1438808799, 1118
1438808805, 1117
1438808811, 1115
1438808818, 1118
1438808824, 1120
1438808829, 1123
1438808835, 1123
1438808841, 1127
1438808847, 1127
1438808853, 1128
1438808859, 1133
1438808865, 1129
1438808871, 1130
1438808878, 1131
1438808883, 1134
1438808889, 1136
1438808895, 1136
1438808901, 1142
1438808907, 1141
1438808913, 1137
1438808919, 1139
1438808925, 1140
1438808932, 1139
1438808937, 1138
1438808944, 1142
1438808949, 1150
1438808956, 1149
1438808961, 1148
1438808967, 1153
1438808973, 1157
1438808979, 1165
1438808985, 1169
1438808991, 1171
1438808997, 1172
1438809003, 1169
1438809009, 1171
1438809015, 1169
1438809021, 1170
1438809027, 1176
1438809033, 1172
1438809039, 1174
1438809045, 1180
1438809051, 1186
1438809057, 1185
1438809063, 1196
1438809070, 1196
1438809075, 1194
1438809082, 1198
1438809087, 1197
1438809093, 1196
1438809099, 1193
1438809105, 1195
1438809111, 1201
1438809117, 1198
1438809123, 1196
1438809129, 1198
1438809135, 1201
1438809141, 1203
1438809147, 1202
1438809153, 1202
1438809159, 1201
1438809165, 1205
1438809171, 1207
1438809177, 1205
1438809183, 1204
1438809189, 1208
1438809195, 1210
1438809201, 1211
1438809207, 1218
1438809213, 1218
1438809219, 1214
1438809225, 1217
1438809231, 1225
1438809237, 1227
1438809243, 1228
1438809249, 1232
1438809255, 1237
1438809261, 1243
1438809267, 1244
1438809274, 1246
1438809279, 1248
1438809285, 1247
1438809291, 1247
1438809298, 1250
1438809304, 1247
1438809310, 1248
1438809316, 1250
1438809322, 1252
1438809328, 1250
1438809334, 1256
1438809340, 1254
1438809346, 1251
1438809352, 1257
1438809358, 1261
1438809363, 1263
1438809370, 1266
1438809376, 1260
1438809382, 1260
1438809388, 1258
1438809394, 1264
1438809400, 1268
1438809406, 1268
1438809412, 1271
1438809418, 1273
1438809424, 1276
1438809430, 1276
1438809436, 1275
1438809442, 1281
1438809448, 1281
1438809454, 1284
1438809460, 1286
1438809466, 1289
1438809472, 1289
1438809478, 1286
1438809484, 1288
1438809490, 1289
1438809496, 1288
1438809503, 1288
1438809508, 1300
1438809514, 1297
1438809520, 1299
1438809526, 1305
1438809532, 1307
1438809538, 1305
1438809544, 1312
1438809550, 1312
1438809556, 1315
1438809562, 1316
1438809568, 1317
1438809574, 1317
1438809580, 1320
1438809586, 1323
1438809592, 1321
1438809598, 1322
1438809604, 1322
1438809610, 1326
1438809616, 1334
1438809622, 1338
1438809628, 1343
1438809634, 1336
1438809640, 1343
1438809646, 1346
1438809652, 1350
1438809658, 1348
1438809664, 1345
1438809670, 1349
1438809676, 1350
1438809682, 1351
1438809688, 1358
1438809694, 1357
1438809700, 1359
1438809706, 1359
1438809712, 1355
1438809718, 1353
1438809724, 1364
1438809730, 1358
1438809736, 1362
1438809742, 1364
1438809748, 1367
1438809754, 1364
1438809760, 1364
1438809766, 1367
1438809772, 1369
1438809778, 1371
1438809784, 1373
1438809790, 1376
1438809796, 1375
1438809802, 1378
1438809808, 1385
1438809814, 1381
1438809820, 1384
1438809826, 1383
1438809832, 1384
1438809838, 1384
1438809844, 1385
1438809850, 1391
1438809856, 1390
1438809862, 1392
1438809868, 1395
1438809874, 1393
1438809880, 1394
1438809886, 1402
1438809892, 1403
1438809898, 1410
1438809904, 1413
1438809910, 1408
1438809916, 1415
1438809922, 1415
1438809928, 1415
1438809934, 1419
1438809940, 1422
1438809946, 1425
1438809952, 1436
1438809958, 1431
1438809964, 1439
1438809970, 1439
1438809976, 1437
1438809982, 1441
1438809988, 1443
1438809994, 1446
1438810000, 1453
1438810006, 1462
1438810012, 1458
1438810018, 1458
1438810024, 1459
1438810030, 1459
1438810036, 1462
1438810042, 1458
1438810048, 1458
1438810054, 1460
1438810060, 1456
1438810066, 1459
1438810072, 1459
1438810078, 1458
1438810084, 1465
1438810090, 1461
1438810096, 1469
1438810102, 1462
1438810108, 1466
1438810114, 1469
1438810120, 1473
1438810126, 1480
1438810132, 1477
1438810138, 1479
1438810144, 1482
1438810150, 1477
1438810156, 1482
1438810162, 1485
1438810168, 1483
1438810174, 1484
1438810180, 1483
1438810186, 1487
1438810192, 1486
1438810198, 1487
1438810204, 1492
1438810210, 1497
1438810216, 1502
1438810222, 1497
1438810228, 1509
1438810234, 1513
1438810240, 1515
1438810246, 1513
1438810252, 1515
1438810258, 1521
1438810264, 1528
1438810270, 1524
1438810276, 1520
1438810282, 1524
1438810288, 1522
1438810294, 1520
1438810300, 1527
1438810306, 1531
1438810312, 1528
1438810318, 1525
1438810324, 1529
1438810330, 1522
1438810336, 1530
1438810342, 1529
1438810348, 1525
1438810354, 1525
1438810360, 1525
1438810366, 1524
1438810372, 1530
1438810378, 1530
1438810384, 1530
1438810390, 1532
1438810396, 1533
1438810402, 1536
1438810408, 1540
1438810414, 1536
1438810420, 1535
1438810426, 1537
1438810432, 1538
1438810438, 1544
1438810444, 1544
1438810450, 1543
1438810456, 1546
1438810462, 1549
1438810468, 1541
1438810474, 1547
1438810480, 1549
1438810486, 1550
1438810492, 1552
1438810498, 1556
1438810504, 1554
1438810511, 1557
1438810516, 1554
1438810522, 1559
1438810528, 1559
1438810534, 1559
1438810541, 1564
1438810546, 1570
1438810552, 1566
1438810558, 1569
1438810564, 1572
1438810570, 1570
1438810576, 1571
1438810582, 1567
1438810588, 1573
1438810595, 1575
1438810600, 1581
1438810606, 1589
1438810612, 1593
1438810618, 1595
1438810624, 1597
1438810630, 1598
1438810637, 1597
1438810642, 1599
1438810648, 1596
1438810654, 1599
1438810660, 1600
1438810667, 1604
1438810672, 1604
1438810678, 1608
1438810684, 1614
1438810690, 1613
1438810696, 1618
1438810702, 1617
1438810708, 1619
1438810714, 1624
1438810720, 1622
1438810726, 1627
1438810732, 1627
1438810739, 1625
1438810744, 1630
1438810750, 1636
1438810756, 1629
1438810762, 1630
1438810768, 1635
1438810775, 1639
1438810780, 1636
1438810786, 1633
1438810792, 1638
1438810798, 1636
1438810804, 1642
1438810810, 1644
1438810816, 1646
1438810822, 1640
1438810829, 1647
1438810834, 1651
1438810840, 1657
1438810846, 1656
1438810852, 1656
1438810858, 1661
1438810864, 1657
1438810870, 1659
1438810876, 1661
1438810882, 1660
1438810889, 1673
1438810894, 1670
1438810900, 1675
1438810906, 1674
1438810912, 1674
1438810918, 1673
1438810924, 1676
1438810930, 1680
1438810936, 1679
1438810942, 1681
1438810948, 1678
1438810954, 1675
1438810960, 1674
1438810966, 1678
1438810972, 1683
1438810979, 1685
1438810985, 1689
1438810991, 1685
1438810997, 1689
1438811003, 1690
1438811013, 1697
1438811018, 1704
1438811025, 1710
1438811030, 1713
1438811037, 1711
1438811043, 1714
1438811049, 1715
1438811054, 1714
1438811061, 1713
1438811066, 1715
1438811073, 1718
1438811078, 1708
1438811084, 1710
1438811091, 1713
1438811096, 1715
1438811102, 1720
1438811108, 1712
1438811115, 1721
1438811120, 1722
1438811126, 1724
1438811132, 1726
1438811138, 1728
1438811144, 1731
1438811150, 1732
1438811156, 1735
1438811163, 1734
1438811169, 1729
1438811175, 1733
1438811181, 1738
1438811186, 1736
1438811193, 1736
1438811199, 1736
1438811205, 1736
1438811211, 1738
1438811217, 1743
1438811223, 1743
1438811229, 1744
1438811235, 1748
1438811241, 1745
1438811247, 1747
1438811253, 1743
1438811259, 1744
1438811265, 1746
1438811271, 1747
1438811277, 1750
1438811283, 1752
1438811289, 1755
1438811295, 1758
1438811301, 1757
1438811307, 1750
1438811313, 1755
1438811319, 1753
1438811325, 1757
1438811331, 1753
1438811337, 1754
1438811343, 1756
1438811349, 1763
1438811355, 1765
1438811361, 1769
1438811367, 1770
1438811373, 1771
1438811379, 1766
1438811385, 1767
1438811391, 1766
1438811397, 1763
1438811403, 1765
1438811409, 1763
1438811415, 1768
1438811421, 1770
1438811427, 1771
1438811433, 1765
1438811439, 1765
1438811445, 1769
1438811451, 1772
1438811457, 1766
1438811464, 1774
1438811470, 1778
1438811475, 1778
1438811482, 1775
1438811488, 1777
1438811494, 1774
1438811500, 1785
1438811506, 1780
1438811511, 1781
1438811518, 1794
1438811524, 1787
1438811530, 1796
1438811536, 1793
1438811542, 1795
1438811548, 1793
1438811554, 1798
1438811560, 1798
1438811566, 1802
1438811571, 1799
1438811578, 1801
1438811584, 1800
1438811590, 1800
1438811596, 1802
1438811601, 1808
1438811608, 1801
1438811614, 1804
1438811620, 1808
1438811626, 1809
1438811632, 1808
1438811638, 1815
1438811644, 1814
1438811650, 1819
1438811656, 1813
1438811662, 1817
1438811668, 1817
1438811674, 1821
1438811680, 1825
1438811686, 1825
1438811692, 1829
1438811698, 1832
1438811704, 1833
1438811710, 1833
1438811716, 1828
1438811722, 1830
1438811728, 1833
1438811734, 1832
1438811740, 1823
1438811746, 1830
1438811752, 1831
1438811757, 1828
1438811764, 1833
1438811770, 1834
1438811776, 1841
1438811782, 1835
1438811788, 1841
1438811793, 1835
1438811800, 1836
1438811806, 1841
1438811812, 1843
1438811818, 1846
1438811824, 1849
1438811830, 1850
1438811836, 1844
1438811842, 1848
1438811848, 1843
1438811854, 1841
1438811860, 1848
1438811866, 1847
1438811872, 1848
1438811879, 1846
1438811885, 1853
1438811890, 1855
1438811897, 1850
1438811902, 1859
1438811909, 1859
1438811915, 1855
1438811921, 1862
1438811926, 1857
1438811933, 1860
1438811939, 1864
1438811945, 1863
1438811950, 1864
1438811956, 1860
1438811963, 1859
1438811969, 1866
1438811975, 1863
1438811981, 1864
1438811987, 1864
1438811993, 1862
1438811999, 1861
1438812005, 1867
1438812011, 1866
1438812017, 1873
1438812023, 1873
1438812029, 1875
1438812035, 1872
1438812041, 1875
1438812047, 1875
1438812053, 1880
1438812059, 1877
1438812065, 1883
1438812071, 1881
1438812077, 1885
1438812084, 1882
1438812089, 1886
1438812095, 1884
1438812101, 1890
1438812107, 1889
1438812113, 1890
1438812119, 1884
1438812125, 1888
1438812131, 1888
1438812137, 1884
1438812143, 1886
1438812149, 1884
1438812155, 1891
1438812161, 1888
1438812167, 1885
1438812173, 1894
1438812179, 1894
1438812185, 1894
1438812191, 1892
1438812197, 1891
1438812203, 1888
1438812209, 1891
1438812215, 1902
1438812221, 1895
1438812227, 1903
1438812233, 1904
1438812239, 1900
1438812245, 1898
1438812251, 1897
1438812257, 1896
1438812263, 1901
1438812269, 1901
1438812275, 1903
1438812281, 1905
1438812287, 1904
1438812293, 1904
1438812299, 1908
1438812305, 1907
1438812311, 1911
1438812317, 1903
1438812323, 1911
1438812329, 1913
1438812336, 1913
1438812341, 1913
1438812348, 1918
1438812353, 1921
1438812359, 1916
1438812365, 1917
1438812371, 1916
1438812377, 1915
1438812383, 1916
1438812389, 1910
1438812395, 1923
1438812401, 1929
1438812407, 1930
1438812413, 1934
1438812419, 1932
1438812426, 1927
1438812431, 1931
1438812437, 1938
1438812443, 1936
1438812449, 1933
1438812455, 1935
1438812461, 1938
1438812467, 1938
1438812473, 1938
1438812479, 1934
1438812485, 1933
1438812491, 1939
1438812497, 1941
1438812504, 1940
1438812509, 1940
1438812515, 1941
1438812521, 1945
1438812527, 1947
1438812533, 1949
1438812540, 1948
1438812546, 1946
1438812552, 1951
1438812557, 1953
1438812563, 1952
1438812569, 1955
1438812575, 1952
1438812581, 1960
1438812588, 1960
1438812594, 1958
1438812600, 1957
1438812606, 1951
1438812611, 1954
1438812618, 1954
1438812624, 1956
1438812630, 1956
1438812636, 1958
1438812642, 1959
1438812648, 1964
1438812654, 1966
1438812660, 1963
1438812666, 1966
1438812672, 1969
1438812678, 1974
1438812684, 1973
1438812690, 1976
1438812696, 1980
1438812702, 1975
1438812708, 1975
1438812714, 1981
1438812720, 1981
1438812726, 1987
1438812732, 1983
1438812738, 1979
1438812744, 1978
1438812750, 1974
1438812756, 1979
1438812762, 1974
1438812768, 1975
1438812774, 1974
1438812780, 1977
1438812786, 1979
1438812792, 1987
1438812798, 1985
1438812804, 1985
1438812810, 1979
1438812816, 1981
1438812822, 1986
1438812828, 1980
1438812834, 1979
1438812840, 1981
1438812846, 1984
1438812852, 1984
1438812858, 1990
1438812864, 1984
1438812870, 1982
1438812876, 1981
1438812882, 1987
1438812888, 1985
1438812894, 1987
1438812900, 1993
1438812906, 1993
1438812912, 1998
1438812918, 2003
1438812924, 1998
1438812930, 2004
1438812936, 2005
1438812942, 2006
1438812948, 2007
1438812954, 2004
1438812960, 2008
1438812966, 2005
1438812972, 2007
1438812978, 2009
1438812984, 2009
1438812990, 2008
1438812996, 2015
1438813002, 2007
1438813008, 2009
1438813014, 2011
1438813020, 2004
1438813027, 2009
1438813032, 2011
1438813038, 2021
1438813045, 2021
1438813126, 2019
1438813131, 1883
1438813138, 1885
1438813143, 1874
1438813150, 1876
1438813156, 1879
1438813161, 1871
1438813167, 1879
1438813173, 1876
1438813179, 1881
1438813185, 1881
1438813191, 1884
1438813197, 1881
1438813203, 1879
1438813210, 1883
1438813215, 1879
1438813221, 1882
1438813227, 1892
1438813233, 1890
1438813239, 1890
1438813245, 1889
1438813251, 1891
1438813257, 1892
1438813263, 1893
1438813269, 1893
1438813276, 1890
1438813282, 1896
1438813287, 1889
1438813293, 1894
1438813299, 1895
1438813305, 1898
1438813312, 1900
1438813318, 1903
1438813323, 1893
1438813330, 1901
1438813336, 1897
1438813342, 1899
1438813348, 1898
1438813354, 1902
1438813360, 1900
1438813366, 1896
1438813372, 1901
1438813378, 1906
1438813384, 1901
1438813390, 1911
1438813396, 1902
1438813402, 1910
1438813408, 1910
1438813414, 1910
1438813420, 1912
1438813426, 1908
1438813432, 1915
1438813438, 1912
1438813444, 1920
1438813450, 1914
1438813456, 1913
1438813462, 1913
1438813468, 1918
1438813474, 1916
1438813482, 1918
1438813488, 1921
1438813494, 1918
1438813500, 1917
1438813505, 1930
1438813512, 1932
1438813518, 1930
1438813524, 1931
1438813530, 1936
1438813536, 1928
1438813542, 1926
1438813548, 1925
1438813557, 1929
1438813563, 1928
1438813569, 1936
1438813575, 1930
1438813581, 1936
1438813587, 1939
1438813593, 1929
1438813599, 1936
1438813605, 1924
1438813611, 1927
1438813617, 1921
1438813624, 1919
1438813629, 1929
1438813635, 1932
1438813642, 1920
1438813648, 1919
1438813654, 1929
1438813660, 1927
1438813666, 1921
1438813672, 1918
1438813678, 1920
1438813684, 1924
1438813690, 1921
1438813696, 1922
1438813702, 1921
1438813708, 1925
1438813714, 1925
1438813720, 1918
1438813726, 1926
1438813732, 1932
1438813738, 1928
1438813744, 1927
1438813750, 1930
1438813756, 1931
1438813763, 1934
1438813768, 1933
1438813775, 1934
1438813781, 1936
1438813787, 1930
1438813793, 1937
1438813799, 1930
1438813805, 1933
1438813811, 1937
1438813817, 1936
1438813823, 1936
1438813829, 1939
1438813835, 1939
1438813841, 1940
1438813847, 1946
1438813853, 1939
1438813858, 1944
1438813865, 1940
1438813871, 1940
1438813877, 1941
1438813883, 1950
1438813889, 1945
1438813894, 1948
1438813901, 1952
1438813907, 1949
1438813912, 1955
1438813919, 1952
1438813925, 1957
1438813931, 1960
1438813937, 1959
1438813943, 1952
1438813949, 1955
1438813955, 1959
1438813961, 1952
1438813967, 1950
1438813973, 1951
1438813979, 1960
1438813985, 1960
1438813991, 1955
1438813997, 1959
1438814003, 1960
1438814009, 1959
1438814015, 1962
1438814021, 1967
1438814027, 1965
1438814033, 1959
1438814039, 1957
1438814045, 1963
1438814051, 1956
1438814057, 1952
1438814063, 1952
1438814070, 1954
1438814075, 1953
1438814081, 1951
1438814087, 1958
1438814094, 1962
1438814099, 1964
1438814105, 1967
1438814111, 1966
1438814117, 1972
1438814123, 1969
1438814129, 1968
1438814135, 1970
1438814141, 1966
1438814147, 1970
1438814153, 1966
1438814159, 1966
1438814165, 1962
1438814171, 1969
1438814177, 1966
1438814186, 1965
1438814192, 1975
1438814198, 1964
1438814204, 1969
1438814210, 1973
1438814216, 1964
1438814222, 1964
1438814228, 1963
1438814234, 1967
1438814240, 1968
1438814246, 1972
1438814252, 1964
1438814258, 1975
1438814264, 1976
1438814270, 1966
1438814276, 1973
1438814282, 1969
1438814288, 1973
