1440714949, 4
1440714956, 5
1440714961, 5
1440714968, 6
1440714974, 6
1440714980, 6
1440714986, 7
1440714992, 6
1440714998, 6
1440715004, 6
1440715009, 6
1440715015, 6
1440715022, 7
1440715027, 6
1440715033, 8
1440715040, 7
1440715045, 7
1440715051, 8
1440715058, 7
1440715063, 8
1440715069, 8
1440715076, 8
1440715082, 9
1440715087, 9
1440715094, 9
1440715100, 10
1440715106, 10
1440715112, 10
1440715118, 10
1440715124, 9
1440715130, 10
1440715136, 10
1440715142, 10
1440715148, 9
1440715154, 10
1440715159, 10
1440715166, 10
1440715171, 10
1440715178, 10
1440715184, 11
1440715190, 11
1440715196, 11
1440715202, 11
1440715208, 11
1440715214, 11
1440715219, 10
1440715226, 11
1440715232, 11
1440715238, 12
1440715244, 12
1440715250, 12
1440715256, 11
1440715262, 12
1440715268, 12
1440715274, 12
1440715279, 11
1440715285, 12
1440715292, 12
1440715298, 12
1440715304, 11
1440715310, 11
1440715316, 12
1440715321, 12
1440715327, 12
1440715334, 12
1440715340, 13
1440715346, 11
1440715352, 11
1440715358, 12
1440715364, 14
1440715370, 12
1440715376, 12
1440715382, 13
1440715388, 15
1440715393, 15
1440715400, 14
1440715406, 16
1440715412, 14
1440715418, 16
1440715424, 15
1440715430, 16
1440715436, 16
1440715442, 15
1440715448, 16
1440715454, 15
1440715460, 16
1440715465, 17
1440715472, 16
1440715478, 16
1440715484, 17
1440715490, 17
1440715496, 16
1440715502, 18
1440715508, 16
1440715514, 17
1440715520, 18
1440715526, 19
1440715532, 18
1440715538, 17
1440715544, 18
1440715550, 18
1440715556, 18
1440715562, 18
1440715568, 17
1440715574, 19
1440715580, 17
1440715585, 17
1440715592, 18
1440715598, 19
1440715604, 17
1440715610, 17
1440715616, 18
1440715622, 19
1440715628, 19
1440715634, 18
1440715640, 18
1440715646, 17
1440715652, 17
1440715658, 17
1440715664, 19
1440715670, 19
1440715676, 19
1440715682, 17
1440715688, 18
1440715694, 19
1440715700, 19
1440715706, 17
1440715712, 19
1440715718, 17
1440715724, 19
1440715730, 18
1440715736, 18
1440715742, 18
1440715748, 18
1440715754, 18
1440715760, 18
1440715766, 18
1440715772, 18
1440715778, 18
1440715784, 18
1440715790, 19
1440715796, 18
1440715802, 19
1440715808, 18
1440715814, 18
1440715820, 18
1440715828, 18
1440715834, 18
1440715840, 19
1440715846, 18
1440715852, 19
1440715858, 19
1440715864, 18
1440715870, 18
1440715876, 19
1440715882, 19
1440715888, 18
1440715894, 18
1440715900, 18
1440715906, 19
1440715912, 19
1440715918, 18
1440715924, 18
1440715930, 18
1440715936, 20
1440715942, 19
1440715948, 20
1440715954, 20
1440715960, 19
1440715966, 20
1440715972, 20
1440715978, 21
1440715984, 20
1440715990, 21
1440715996, 20
1440716002, 21
1440716008, 22
1440716014, 21
1440716020, 21
1440716026, 21
1440716032, 21
1440716038, 22
1440716044, 21
1440716050, 21
1440716056, 21
1440716062, 21
1440716068, 22
1440716074, 21
1440716080, 21
1440716086, 22
1440716092, 23
1440716098, 22
1440716104, 22
1440716110, 22
1440716116, 22
1440716122, 23
1440716128, 22
1440716134, 23
1440716140, 22
1440716146, 22
1440716152, 22
1440716158, 22
1440716164, 22
1440716170, 22
1440716176, 22
1440716182, 23
1440716188, 23
1440716194, 24
1440716200, 23
1440716206, 23
1440716212, 23
1440716218, 23
1440716224, 24
1440716230, 23
1440716236, 24
1440716242, 24
1440716248, 24
1440716254, 24
1440716260, 24
1440716266, 24
1440716272, 23
1440716278, 24
1440716284, 24
1440716290, 24
1440716296, 23
1440716302, 24
1440716308, 24
1440716314, 24
1440716320, 23
1440716326, 24
1440716332, 24
1440716338, 24
1440716344, 23
1440716350, 23
1440716356, 24
1440716362, 24
1440716368, 23
1440716374, 23
1440716380, 24
1440716386, 23
1440716392, 24
1440716398, 24
1440716404, 24
1440716410, 24
1440716416, 23
1440716422, 24
1440716428, 24
1440716434, 25
1440716440, 25
1440716446, 24
1440716452, 26
1440716458, 26
1440716464, 25
1440716470, 26
1440716476, 26
1440716482, 25
1440716488, 26
1440716494, 26
1440716500, 25
1440716506, 25
1440716512, 25
1440716518, 26
1440716524, 26
1440716530, 26
1440716536, 26
1440716542, 26
1440716548, 26
1440716554, 26
1440716560, 26
1440716566, 25
1440716572, 26
1440716578, 25
1440716584, 25
1440716590, 25
1440716596, 26
1440716602, 26
1440716608, 26
1440716614, 26
1440716620, 26
1440716626, 26
1440716632, 25
1440716638, 25
1440716644, 26
1440716650, 26
1440716656, 26
1440716662, 25
1440716668, 25
1440716674, 26
1440716680, 26
1440716686, 26
1440716692, 26
1440716698, 27
1440716704, 26
1440716710, 27
1440716716, 27
1440716722, 27
1440716728, 28
1440716734, 28
1440716740, 28
1440716746, 28
1440716752, 27
1440716758, 28
1440716764, 28
1440716770, 28
1440716776, 27
1440716782, 27
1440716788, 28
1440716794, 28
1440716800, 29
1440716806, 27
1440716812, 28
1440716818, 28
1440716824, 29
1440716830, 31
1440716836, 32
1440716842, 32
1440716848, 32
1440716854, 33
1440716860, 31
1440716866, 33
1440716872, 31
1440716878, 32
1440716884, 32
1440716890, 34
1440716896, 32
1440716902, 32
1440716908, 33
1440716914, 33
1440716920, 33
1440716926, 35
1440716932, 33
1440716938, 35
1440716944, 33
1440716950, 34
1440716956, 35
1440716962, 35
1440716968, 33
1440716974, 34
1440716980, 33
1440716986, 33
1440716992, 34
1440716998, 35
1440717004, 34
1440717010, 34
1440717016, 34
1440717022, 34
1440717028, 34
1440717034, 35
1440717040, 34
1440717046, 34
1440717052, 35
1440717058, 35
1440717064, 35
1440717070, 34
1440717076, 36
1440717082, 37
1440717088, 36
1440717094, 38
1440717100, 37
1440717106, 36
1440717112, 37
1440717118, 38
1440717124, 38
1440717130, 37
1440717136, 38
1440717142, 37
1440717148, 39
1440717154, 41
1440717160, 40
1440717166, 40
1440717172, 40
1440717178, 40
1440717184, 37
1440717190, 38
1440717196, 37
1440717202, 38
1440717208, 39
1440717214, 38
1440717220, 39
1440717226, 40
1440717232, 40
1440717238, 41
1440717244, 40
1440717250, 39
1440717256, 39
1440717262, 40
1440717268, 41
1440717274, 40
1440717280, 41
1440717286, 40
1440717292, 41
1440717298, 37
1440717304, 41
1440717310, 40
1440717316, 39
1440717322, 38
1440717328, 41
1440717334, 42
1440717340, 41
1440717349, 40
1440717355, 42
1440717361, 41
1440717367, 41
1440717373, 40
1440717379, 40
1440717385, 43
1440717391, 40
1440717397, 40
1440717403, 39
1440717409, 43
1440717415, 40
1440717421, 42
1440717427, 42
1440717433, 40
1440717439, 41
1440717445, 42
1440717451, 43
1440717457, 40
1440717463, 41
1440717469, 41
1440717475, 42
1440717481, 42
1440717487, 44
1440717493, 42
1440717499, 43
1440717505, 43
1440717511, 41
1440717517, 42
1440717523, 43
1440717529, 41
1440717535, 41
1440717541, 41
1440717547, 41
1440717553, 41
1440717559, 41
1440717565, 43
1440717571, 42
1440717577, 40
1440717583, 43
1440717589, 43
1440717595, 43
1440717601, 41
1440717607, 40
1440717613, 41
1440717619, 40
1440717625, 43
1440717631, 41
1440717637, 43
1440717643, 41
1440717649, 41
1440717655, 41
1440717661, 41
1440717667, 41
1440717673, 42
1440717679, 42
1440717685, 43
1440717691, 43
1440717697, 45
1440717703, 41
1440717709, 42
1440717715, 43
1440717721, 42
1440717727, 43
1440717733, 44
1440717739, 42
1440717745, 43
1440717751, 46
1440717757, 46
1440717763, 43
1440717769, 45
1440717775, 44
1440717781, 42
1440717787, 42
1440717793, 44
1440717799, 43
1440717805, 44
1440717811, 45
1440717817, 45
1440717823, 46
1440717829, 43
1440717835, 46
1440717841, 46
1440717847, 45
1440717853, 46
1440717859, 45
1440717865, 43
1440717871, 45
1440717877, 45
1440717883, 45
1440717889, 47
1440717895, 43
1440717901, 43
1440717907, 45
1440717913, 46
1440717919, 45
1440717925, 44
1440717931, 45
1440717937, 44
1440717943, 45
1440717949, 44
1440717955, 44
1440717961, 48
1440717967, 45
1440717973, 46
1440717979, 45
1440717985, 45
1440717991, 46
1440717997, 47
1440718003, 46
1440718009, 48
1440718015, 45
1440718021, 47
1440718027, 45
1440718033, 48
1440718039, 46
1440718045, 46
1440718051, 45
1440718057, 46
1440718063, 44
1440718069, 46
1440718075, 47
1440718081, 45
1440718087, 44
1440718093, 46
1440718099, 46
1440718105, 47
1440718111, 48
1440718117, 47
1440718123, 48
1440718129, 47
1440718135, 47
1440718141, 48
1440718147, 49
1440718153, 49
1440718159, 49
1440718165, 48
1440718171, 51
1440718177, 50
1440718183, 47
1440718189, 49
1440718195, 48
1440718201, 49
1440718207, 48
1440718213, 48
1440718219, 49
1440718225, 49
1440718231, 51
1440718237, 50
1440718243, 47
1440718249, 48
1440718255, 50
1440718261, 49
1440718267, 51
1440718273, 48
1440718279, 49
1440718285, 51
1440718291, 49
1440718297, 52
1440718303, 50
1440718309, 50
1440718315, 50
1440718321, 52
1440718327, 51
1440718333, 52
1440718339, 52
1440718345, 52
1440718351, 51
1440718357, 53
1440718363, 52
1440718369, 52
1440718375, 54
1440718381, 52
1440718387, 54
1440718393, 53
1440718399, 51
1440718405, 52
1440718411, 53
1440718417, 53
1440718423, 54
1440718429, 54
1440718435, 54
1440718441, 54
1440718447, 54
1440718453, 52
1440718459, 54
1440718465, 53
1440718471, 52
1440718477, 54
1440718483, 53
1440718489, 54
1440718495, 54
1440718501, 53
1440718507, 54
1440718513, 55
1440718519, 54
1440718525, 53
1440718531, 54
1440718537, 55
1440718543, 52
1440718549, 54
1440718555, 55
1440718561, 56
1440718567, 57
1440718574, 57
1440718579, 56
1440718585, 55
1440718591, 54
1440718597, 55
1440718603, 56
1440718609, 58
1440718615, 55
1440718621, 56
1440718627, 56
1440718633, 57
1440718639, 55
1440718645, 56
1440718651, 57
1440718657, 56
1440718663, 56
1440718669, 57
1440718675, 58
1440718681, 57
1440718687, 55
1440718693, 56
1440718699, 55
1440718705, 57
1440718711, 56
1440718717, 58
1440718723, 56
1440718729, 56
1440718735, 56
1440718741, 55
1440718747, 58
1440718753, 58
1440718759, 59
1440718765, 58
1440718771, 57
1440718777, 57
1440718783, 59
1440718789, 56
1440718795, 56
1440718801, 56
1440718807, 56
1440718813, 57
1440718819, 59
1440718825, 56
1440718831, 59
1440718837, 58
1440718843, 55
1440718849, 58
1440718855, 57
1440718861, 58
1440718867, 57
1440718873, 56
1440718879, 58
1440718885, 58
1440718891, 56
1440718897, 57
1440718903, 57
1440718909, 56
1440718915, 56
1440718921, 56
1440718927, 55
1440718933, 57
1440718939, 57
1440718945, 58
1440718951, 58
1440718957, 56
1440718963, 59
1440718969, 58
1440718975, 58
1440718981, 58
1440718987, 58
1440718993, 56
1440718999, 55
1440719005, 57
1440719011, 57
1440719017, 56
1440719023, 57
1440719029, 56
1440719035, 56
1440719041, 57
1440719047, 55
1440719053, 58
1440719059, 56
1440719065, 56
1440719071, 56
1440719077, 58
1440719083, 58
1440719089, 56
1440719095, 58
1440719101, 58
1440719107, 56
1440719113, 57
1440719119, 56
1440719125, 56
1440719131, 57
1440719137, 56
1440719143, 58
1440719149, 57
1440719155, 58
1440719161, 56
1440719167, 57
1440719173, 58
1440719179, 57
1440719185, 58
1440719191, 57
1440719197, 59
1440719203, 57
1440719209, 58
1440719215, 58
1440719221, 56
1440719227, 57
1440719233, 56
1440719239, 55
1440719245, 57
1440719251, 57
1440719257, 57
1440719263, 57
1440719269, 57
1440719275, 57
1440719281, 58
1440719287, 58
1440719293, 58
1440719299, 58
1440719305, 57
1440719311, 58
1440719317, 58
1440719323, 58
1440719329, 58
1440719335, 58
1440719341, 58
1440719347, 58
1440719353, 59
1440719359, 58
1440719365, 59
1440719371, 57
1440719377, 57
1440719383, 59
1440719389, 59
1440719395, 57
1440719401, 58
1440719407, 59
1440719413, 58
1440719419, 60
1440719425, 60
1440719431, 62
1440719437, 63
1440719443, 63
1440719449, 61
1440719455, 62
1440719461, 59
1440719467, 62
1440719473, 60
1440719479, 62
1440719485, 62
1440719491, 61
1440719497, 62
1440719503, 60
1440719510, 63
1440719515, 61
1440719521, 62
1440719527, 61
1440719533, 62
1440719539, 62
1440719545, 64
1440719551, 63
1440719557, 62
1440719563, 62
1440719569, 64
1440719575, 65
1440719581, 65
1440719587, 67
1440719593, 67
1440719599, 67
1440719605, 67
1440719611, 66
1440719617, 66
1440719623, 68
1440719629, 66
1440719635, 66
1440719641, 64
1440719647, 66
1440719653, 67
1440719659, 67
1440719665, 66
1440719671, 66
1440719677, 67
1440719683, 66
1440719689, 67
1440719695, 68
1440719701, 67
1440719707, 68
1440719713, 67
1440719719, 67
1440719725, 69
1440719731, 68
1440719737, 68
1440719743, 69
1440719749, 69
1440719755, 69
1440719761, 71
1440719767, 70
1440719773, 69
1440719779, 69
1440719785, 68
1440719791, 68
1440719797, 69
1440719803, 70
1440719809, 71
1440719815, 70
1440719821, 68
1440719827, 71
1440719833, 69
1440719839, 71
1440719845, 72
1440719851, 72
1440719857, 71
1440719863, 72
1440719869, 72
1440719875, 72
1440719881, 72
1440719887, 69
1440719893, 71
1440719899, 71
1440719905, 71
1440719912, 71
1440719917, 71
1440719923, 71
1440719929, 73
1440719935, 72
1440719941, 69
1440719947, 71
1440719953, 71
1440719959, 72
1440719965, 72
1440719971, 72
1440719977, 72
1440719983, 69
1440719989, 73
1440719995, 69
1440720001, 72
1440720007, 71
1440720013, 72
1440720019, 72
1440720025, 72
1440720031, 71
1440720037, 72
1440720043, 72
1440720049, 71
1440720055, 70
1440720061, 70
1440720068, 70
1440720073, 70
1440720079, 72
1440720085, 71
1440720091, 70
1440720097, 70
1440720103, 70
1440720110, 70
1440720115, 72
1440720121, 72
1440720127, 72
1440720133, 71
1440720139, 71
1440720145, 72
1440720151, 72
1440720157, 72
1440720164, 71
1440720169, 70
1440720175, 70
1440720181, 70
1440720187, 69
1440720193, 72
1440720200, 72
1440720206, 70
1440720211, 71
1440720217, 71
1440720223, 72
1440720229, 72
1440720235, 71
1440720241, 71
1440720247, 70
1440720253, 71
1440720259, 71
1440720265, 72
1440720271, 71
1440720277, 71
1440720283, 71
1440720289, 71
1440720295, 72
1440720301, 72
1440720307, 71
1440720313, 75
1440720319, 74
1440720325, 74
1440720331, 75
1440720337, 76
1440720343, 76
1440720349, 77
1440720355, 76
1440720361, 76
1440720367, 73
1440720373, 76
1440720379, 75
1440720385, 74
1440720391, 75
1440720397, 74
1440720403, 75
1440720409, 77
1440720415, 76
1440720421, 77
1440720427, 75
1440720433, 77
1440720439, 74
1440720445, 77
1440720451, 74
1440720457, 76
